Image analysis histogram listing

File : C:\Users\Denis\OneDrive - Universitť Laval\Projets en cours\VROOMM\Design optique\VROOMM_v04_SW.ZMX
Title: 
Date : 26/02/2026


Field Width                    : 0.067 Millimeters
Image Width                    : 0.24 Millimeters
Number of pixels               : 80 x 80
Total Weight of Rays Attempted :   2.031750E+05
Total Weight of Rays Passed    :   2.031750E+05
Total Rays Launched            : 203175
Percent Efficiency             :  100.00 %
Total flux in watts            : 1.000E+00
Units                          : Watts/Millimeters squared

  0.0000E+00	  0.0000E+00	  0.0000E+00	  0.0000E+00	  0.0000E+00	  0.0000E+00	  0.0000E+00	  0.0000E+00	  0.0000E+00	  0.0000E+00	  0.0000E+00	  0.0000E+00	  0.0000E+00	  0.0000E+00	  0.0000E+00	  0.0000E+00	  0.0000E+00	  0.0000E+00	  0.0000E+00	  0.0000E+00	  0.0000E+00	  0.0000E+00	  0.0000E+00	  0.0000E+00	  0.0000E+00	  0.0000E+00	  0.0000E+00	  0.0000E+00	  0.0000E+00	  0.0000E+00	  0.0000E+00	  0.0000E+00	  0.0000E+00	  0.0000E+00	  0.0000E+00	  0.0000E+00	  0.0000E+00	  0.0000E+00	  0.0000E+00	  0.0000E+00	  0.0000E+00	  0.0000E+00	  0.0000E+00	  0.0000E+00	  0.0000E+00	  0.0000E+00	  0.0000E+00	  0.0000E+00	  0.0000E+00	  0.0000E+00	  0.0000E+00	  0.0000E+00	  0.0000E+00	  0.0000E+00	  0.0000E+00	  0.0000E+00	  0.0000E+00	  0.0000E+00	  0.0000E+00	  0.0000E+00	  0.0000E+00	  0.0000E+00	  0.0000E+00	  0.0000E+00	  0.0000E+00	  0.0000E+00	  0.0000E+00	  0.0000E+00	  0.0000E+00	  0.0000E+00	  0.0000E+00	  0.0000E+00	  0.0000E+00	  0.0000E+00	  0.0000E+00	  0.0000E+00	  0.0000E+00	  0.0000E+00	  0.0000E+00	  0.0000E+00
  0.0000E+00	  0.0000E+00	  0.0000E+00	  0.0000E+00	  0.0000E+00	  0.0000E+00	  0.0000E+00	  0.0000E+00	  0.0000E+00	  0.0000E+00	  0.0000E+00	  0.0000E+00	  0.0000E+00	  0.0000E+00	  0.0000E+00	  0.0000E+00	  0.0000E+00	  0.0000E+00	  0.0000E+00	  0.0000E+00	  0.0000E+00	  0.0000E+00	  0.0000E+00	  0.0000E+00	  0.0000E+00	  0.0000E+00	  0.0000E+00	  0.0000E+00	  0.0000E+00	  0.0000E+00	  0.0000E+00	  0.0000E+00	  0.0000E+00	  0.0000E+00	  0.0000E+00	  0.0000E+00	  0.0000E+00	  0.0000E+00	  0.0000E+00	  0.0000E+00	  0.0000E+00	  0.0000E+00	  0.0000E+00	  0.0000E+00	  0.0000E+00	  0.0000E+00	  0.0000E+00	  0.0000E+00	  0.0000E+00	  0.0000E+00	  0.0000E+00	  0.0000E+00	  0.0000E+00	  0.0000E+00	  0.0000E+00	  0.0000E+00	  0.0000E+00	  0.0000E+00	  0.0000E+00	  0.0000E+00	  0.0000E+00	  0.0000E+00	  0.0000E+00	  0.0000E+00	  0.0000E+00	  0.0000E+00	  0.0000E+00	  0.0000E+00	  0.0000E+00	  0.0000E+00	  0.0000E+00	  0.0000E+00	  0.0000E+00	  0.0000E+00	  0.0000E+00	  0.0000E+00	  0.0000E+00	  0.0000E+00	  0.0000E+00	  0.0000E+00
  0.0000E+00	  0.0000E+00	  0.0000E+00	  0.0000E+00	  0.0000E+00	  0.0000E+00	  0.0000E+00	  0.0000E+00	  0.0000E+00	  0.0000E+00	  0.0000E+00	  0.0000E+00	  0.0000E+00	  0.0000E+00	  0.0000E+00	  0.0000E+00	  0.0000E+00	  0.0000E+00	  0.0000E+00	  0.0000E+00	  0.0000E+00	  0.0000E+00	  0.0000E+00	  0.0000E+00	  0.0000E+00	  0.0000E+00	  0.0000E+00	  0.0000E+00	  0.0000E+00	  0.0000E+00	  0.0000E+00	  0.0000E+00	  0.0000E+00	  0.0000E+00	  0.0000E+00	  0.0000E+00	  0.0000E+00	  0.0000E+00	  0.0000E+00	  0.0000E+00	  0.0000E+00	  0.0000E+00	  0.0000E+00	  0.0000E+00	  0.0000E+00	  0.0000E+00	  0.0000E+00	  0.0000E+00	  0.0000E+00	  0.0000E+00	  0.0000E+00	  0.0000E+00	  0.0000E+00	  0.0000E+00	  0.0000E+00	  0.0000E+00	  0.0000E+00	  0.0000E+00	  0.0000E+00	  0.0000E+00	  0.0000E+00	  0.0000E+00	  0.0000E+00	  0.0000E+00	  0.0000E+00	  0.0000E+00	  0.0000E+00	  0.0000E+00	  0.0000E+00	  0.0000E+00	  0.0000E+00	  0.0000E+00	  0.0000E+00	  0.0000E+00	  0.0000E+00	  0.0000E+00	  0.0000E+00	  0.0000E+00	  0.0000E+00	  0.0000E+00
  0.0000E+00	  0.0000E+00	  0.0000E+00	  0.0000E+00	  0.0000E+00	  0.0000E+00	  0.0000E+00	  0.0000E+00	  0.0000E+00	  0.0000E+00	  0.0000E+00	  0.0000E+00	  0.0000E+00	  0.0000E+00	  0.0000E+00	  0.0000E+00	  0.0000E+00	  0.0000E+00	  0.0000E+00	  0.0000E+00	  0.0000E+00	  0.0000E+00	  0.0000E+00	  0.0000E+00	  0.0000E+00	  0.0000E+00	  0.0000E+00	  0.0000E+00	  0.0000E+00	  0.0000E+00	  0.0000E+00	  0.0000E+00	  0.0000E+00	  0.0000E+00	  0.0000E+00	  0.0000E+00	  0.0000E+00	  0.0000E+00	  0.0000E+00	  0.0000E+00	  0.0000E+00	  0.0000E+00	  0.0000E+00	  0.0000E+00	  0.0000E+00	  0.0000E+00	  0.0000E+00	  0.0000E+00	  0.0000E+00	  0.0000E+00	  0.0000E+00	  0.0000E+00	  0.0000E+00	  0.0000E+00	  0.0000E+00	  0.0000E+00	  0.0000E+00	  0.0000E+00	  0.0000E+00	  0.0000E+00	  0.0000E+00	  0.0000E+00	  0.0000E+00	  0.0000E+00	  0.0000E+00	  0.0000E+00	  0.0000E+00	  0.0000E+00	  0.0000E+00	  0.0000E+00	  0.0000E+00	  0.0000E+00	  0.0000E+00	  0.0000E+00	  0.0000E+00	  0.0000E+00	  0.0000E+00	  0.0000E+00	  0.0000E+00	  0.0000E+00
  0.0000E+00	  0.0000E+00	  0.0000E+00	  0.0000E+00	  0.0000E+00	  0.0000E+00	  0.0000E+00	  0.0000E+00	  0.0000E+00	  0.0000E+00	  0.0000E+00	  0.0000E+00	  0.0000E+00	  0.0000E+00	  0.0000E+00	  0.0000E+00	  0.0000E+00	  0.0000E+00	  0.0000E+00	  0.0000E+00	  0.0000E+00	  0.0000E+00	  0.0000E+00	  0.0000E+00	  0.0000E+00	  0.0000E+00	  0.0000E+00	  0.0000E+00	  0.0000E+00	  0.0000E+00	  0.0000E+00	  0.0000E+00	  0.0000E+00	  0.0000E+00	  0.0000E+00	  0.0000E+00	  0.0000E+00	  0.0000E+00	  0.0000E+00	  0.0000E+00	  0.0000E+00	  0.0000E+00	  0.0000E+00	  0.0000E+00	  0.0000E+00	  0.0000E+00	  0.0000E+00	  0.0000E+00	  0.0000E+00	  0.0000E+00	  0.0000E+00	  0.0000E+00	  0.0000E+00	  0.0000E+00	  0.0000E+00	  0.0000E+00	  0.0000E+00	  0.0000E+00	  0.0000E+00	  0.0000E+00	  0.0000E+00	  0.0000E+00	  0.0000E+00	  0.0000E+00	  0.0000E+00	  0.0000E+00	  0.0000E+00	  0.0000E+00	  0.0000E+00	  0.0000E+00	  0.0000E+00	  0.0000E+00	  0.0000E+00	  0.0000E+00	  0.0000E+00	  0.0000E+00	  0.0000E+00	  0.0000E+00	  0.0000E+00	  0.0000E+00
  0.0000E+00	  0.0000E+00	  0.0000E+00	  0.0000E+00	  0.0000E+00	  0.0000E+00	  0.0000E+00	  0.0000E+00	  0.0000E+00	  0.0000E+00	  0.0000E+00	  0.0000E+00	  0.0000E+00	  0.0000E+00	  0.0000E+00	  0.0000E+00	  0.0000E+00	  0.0000E+00	  0.0000E+00	  0.0000E+00	  0.0000E+00	  0.0000E+00	  0.0000E+00	  0.0000E+00	  0.0000E+00	  0.0000E+00	  0.0000E+00	  0.0000E+00	  0.0000E+00	  0.0000E+00	  0.0000E+00	  0.0000E+00	  0.0000E+00	  0.0000E+00	  0.0000E+00	  0.0000E+00	  0.0000E+00	  0.0000E+00	  0.0000E+00	  0.0000E+00	  0.0000E+00	  0.0000E+00	  0.0000E+00	  0.0000E+00	  0.0000E+00	  0.0000E+00	  0.0000E+00	  0.0000E+00	  0.0000E+00	  0.0000E+00	  0.0000E+00	  0.0000E+00	  0.0000E+00	  0.0000E+00	  0.0000E+00	  0.0000E+00	  0.0000E+00	  0.0000E+00	  0.0000E+00	  0.0000E+00	  0.0000E+00	  0.0000E+00	  0.0000E+00	  0.0000E+00	  0.0000E+00	  0.0000E+00	  0.0000E+00	  0.0000E+00	  0.0000E+00	  0.0000E+00	  0.0000E+00	  0.0000E+00	  0.0000E+00	  0.0000E+00	  0.0000E+00	  0.0000E+00	  0.0000E+00	  0.0000E+00	  0.0000E+00	  0.0000E+00
  0.0000E+00	  0.0000E+00	  0.0000E+00	  0.0000E+00	  0.0000E+00	  0.0000E+00	  0.0000E+00	  0.0000E+00	  0.0000E+00	  0.0000E+00	  0.0000E+00	  0.0000E+00	  0.0000E+00	  0.0000E+00	  0.0000E+00	  0.0000E+00	  0.0000E+00	  0.0000E+00	  0.0000E+00	  0.0000E+00	  0.0000E+00	  0.0000E+00	  0.0000E+00	  0.0000E+00	  0.0000E+00	  0.0000E+00	  0.0000E+00	  0.0000E+00	  0.0000E+00	  0.0000E+00	  0.0000E+00	  0.0000E+00	  0.0000E+00	  0.0000E+00	  0.0000E+00	  0.0000E+00	  0.0000E+00	  0.0000E+00	  0.0000E+00	  0.0000E+00	  0.0000E+00	  0.0000E+00	  0.0000E+00	  0.0000E+00	  0.0000E+00	  0.0000E+00	  0.0000E+00	  0.0000E+00	  0.0000E+00	  0.0000E+00	  0.0000E+00	  0.0000E+00	  0.0000E+00	  0.0000E+00	  0.0000E+00	  0.0000E+00	  0.0000E+00	  0.0000E+00	  0.0000E+00	  0.0000E+00	  0.0000E+00	  0.0000E+00	  0.0000E+00	  0.0000E+00	  0.0000E+00	  0.0000E+00	  0.0000E+00	  0.0000E+00	  0.0000E+00	  0.0000E+00	  0.0000E+00	  0.0000E+00	  0.0000E+00	  0.0000E+00	  0.0000E+00	  0.0000E+00	  0.0000E+00	  0.0000E+00	  0.0000E+00	  0.0000E+00
  0.0000E+00	  0.0000E+00	  0.0000E+00	  0.0000E+00	  0.0000E+00	  0.0000E+00	  0.0000E+00	  0.0000E+00	  0.0000E+00	  0.0000E+00	  0.0000E+00	  0.0000E+00	  0.0000E+00	  0.0000E+00	  0.0000E+00	  0.0000E+00	  0.0000E+00	  0.0000E+00	  0.0000E+00	  0.0000E+00	  0.0000E+00	  0.0000E+00	  0.0000E+00	  0.0000E+00	  0.0000E+00	  0.0000E+00	  0.0000E+00	  0.0000E+00	  0.0000E+00	  0.0000E+00	  0.0000E+00	  0.0000E+00	  0.0000E+00	  0.0000E+00	  0.0000E+00	  0.0000E+00	  0.0000E+00	  0.0000E+00	  0.0000E+00	  0.0000E+00	  0.0000E+00	  0.0000E+00	  0.0000E+00	  0.0000E+00	  0.0000E+00	  0.0000E+00	  0.0000E+00	  0.0000E+00	  0.0000E+00	  0.0000E+00	  0.0000E+00	  0.0000E+00	  0.0000E+00	  0.0000E+00	  0.0000E+00	  0.0000E+00	  0.0000E+00	  0.0000E+00	  0.0000E+00	  0.0000E+00	  0.0000E+00	  0.0000E+00	  0.0000E+00	  0.0000E+00	  0.0000E+00	  0.0000E+00	  0.0000E+00	  0.0000E+00	  0.0000E+00	  0.0000E+00	  0.0000E+00	  0.0000E+00	  0.0000E+00	  0.0000E+00	  0.0000E+00	  0.0000E+00	  0.0000E+00	  0.0000E+00	  0.0000E+00	  0.0000E+00
  0.0000E+00	  0.0000E+00	  0.0000E+00	  0.0000E+00	  0.0000E+00	  0.0000E+00	  0.0000E+00	  0.0000E+00	  0.0000E+00	  0.0000E+00	  0.0000E+00	  0.0000E+00	  0.0000E+00	  0.0000E+00	  0.0000E+00	  0.0000E+00	  0.0000E+00	  0.0000E+00	  0.0000E+00	  0.0000E+00	  0.0000E+00	  0.0000E+00	  0.0000E+00	  0.0000E+00	  0.0000E+00	  0.0000E+00	  0.0000E+00	  0.0000E+00	  0.0000E+00	  0.0000E+00	  0.0000E+00	  0.0000E+00	  0.0000E+00	  0.0000E+00	  0.0000E+00	  0.0000E+00	  0.0000E+00	  0.0000E+00	  0.0000E+00	  0.0000E+00	  0.0000E+00	  0.0000E+00	  0.0000E+00	  0.0000E+00	  0.0000E+00	  0.0000E+00	  0.0000E+00	  0.0000E+00	  0.0000E+00	  0.0000E+00	  0.0000E+00	  0.0000E+00	  0.0000E+00	  0.0000E+00	  0.0000E+00	  0.0000E+00	  0.0000E+00	  0.0000E+00	  0.0000E+00	  0.0000E+00	  0.0000E+00	  0.0000E+00	  0.0000E+00	  0.0000E+00	  0.0000E+00	  0.0000E+00	  0.0000E+00	  0.0000E+00	  0.0000E+00	  0.0000E+00	  0.0000E+00	  0.0000E+00	  0.0000E+00	  0.0000E+00	  0.0000E+00	  0.0000E+00	  0.0000E+00	  0.0000E+00	  0.0000E+00	  0.0000E+00
  0.0000E+00	  0.0000E+00	  0.0000E+00	  0.0000E+00	  0.0000E+00	  0.0000E+00	  0.0000E+00	  0.0000E+00	  0.0000E+00	  0.0000E+00	  0.0000E+00	  0.0000E+00	  0.0000E+00	  0.0000E+00	  0.0000E+00	  0.0000E+00	  0.0000E+00	  0.0000E+00	  0.0000E+00	  0.0000E+00	  0.0000E+00	  0.0000E+00	  0.0000E+00	  0.0000E+00	  0.0000E+00	  0.0000E+00	  0.0000E+00	  0.0000E+00	  0.0000E+00	  0.0000E+00	  0.0000E+00	  0.0000E+00	  0.0000E+00	  0.0000E+00	  0.0000E+00	  0.0000E+00	  0.0000E+00	  0.0000E+00	  0.0000E+00	  0.0000E+00	  0.0000E+00	  0.0000E+00	  0.0000E+00	  0.0000E+00	  0.0000E+00	  0.0000E+00	  0.0000E+00	  0.0000E+00	  0.0000E+00	  0.0000E+00	  0.0000E+00	  0.0000E+00	  0.0000E+00	  0.0000E+00	  0.0000E+00	  0.0000E+00	  0.0000E+00	  0.0000E+00	  0.0000E+00	  0.0000E+00	  0.0000E+00	  0.0000E+00	  0.0000E+00	  0.0000E+00	  0.0000E+00	  0.0000E+00	  0.0000E+00	  0.0000E+00	  0.0000E+00	  0.0000E+00	  0.0000E+00	  0.0000E+00	  0.0000E+00	  0.0000E+00	  0.0000E+00	  0.0000E+00	  0.0000E+00	  0.0000E+00	  0.0000E+00	  0.0000E+00
  0.0000E+00	  0.0000E+00	  0.0000E+00	  0.0000E+00	  0.0000E+00	  0.0000E+00	  0.0000E+00	  0.0000E+00	  0.0000E+00	  0.0000E+00	  0.0000E+00	  0.0000E+00	  0.0000E+00	  0.0000E+00	  0.0000E+00	  0.0000E+00	  0.0000E+00	  0.0000E+00	  0.0000E+00	  0.0000E+00	  0.0000E+00	  0.0000E+00	  0.0000E+00	  0.0000E+00	  0.0000E+00	  0.0000E+00	  0.0000E+00	  0.0000E+00	  0.0000E+00	  0.0000E+00	  0.0000E+00	  0.0000E+00	  0.0000E+00	  0.0000E+00	  0.0000E+00	  0.0000E+00	  0.0000E+00	  0.0000E+00	  0.0000E+00	  0.0000E+00	  0.0000E+00	  0.0000E+00	  0.0000E+00	  0.0000E+00	  0.0000E+00	  0.0000E+00	  0.0000E+00	  0.0000E+00	  0.0000E+00	  0.0000E+00	  0.0000E+00	  0.0000E+00	  0.0000E+00	  0.0000E+00	  0.0000E+00	  0.0000E+00	  0.0000E+00	  0.0000E+00	  0.0000E+00	  0.0000E+00	  0.0000E+00	  0.0000E+00	  0.0000E+00	  0.0000E+00	  0.0000E+00	  0.0000E+00	  0.0000E+00	  0.0000E+00	  0.0000E+00	  0.0000E+00	  0.0000E+00	  0.0000E+00	  0.0000E+00	  0.0000E+00	  0.0000E+00	  0.0000E+00	  0.0000E+00	  0.0000E+00	  0.0000E+00	  0.0000E+00
  0.0000E+00	  0.0000E+00	  0.0000E+00	  0.0000E+00	  0.0000E+00	  0.0000E+00	  0.0000E+00	  0.0000E+00	  0.0000E+00	  0.0000E+00	  0.0000E+00	  0.0000E+00	  0.0000E+00	  0.0000E+00	  0.0000E+00	  0.0000E+00	  0.0000E+00	  0.0000E+00	  0.0000E+00	  0.0000E+00	  0.0000E+00	  0.0000E+00	  0.0000E+00	  0.0000E+00	  0.0000E+00	  0.0000E+00	  0.0000E+00	  0.0000E+00	  0.0000E+00	  0.0000E+00	  0.0000E+00	  0.0000E+00	  0.0000E+00	  0.0000E+00	  0.0000E+00	  0.0000E+00	  0.0000E+00	  0.0000E+00	  0.0000E+00	  0.0000E+00	  0.0000E+00	  0.0000E+00	  0.0000E+00	  0.0000E+00	  0.0000E+00	  0.0000E+00	  0.0000E+00	  0.0000E+00	  0.0000E+00	  0.0000E+00	  0.0000E+00	  0.0000E+00	  0.0000E+00	  0.0000E+00	  0.0000E+00	  0.0000E+00	  0.0000E+00	  0.0000E+00	  0.0000E+00	  0.0000E+00	  0.0000E+00	  0.0000E+00	  0.0000E+00	  0.0000E+00	  0.0000E+00	  0.0000E+00	  0.0000E+00	  0.0000E+00	  0.0000E+00	  0.0000E+00	  0.0000E+00	  0.0000E+00	  0.0000E+00	  0.0000E+00	  0.0000E+00	  0.0000E+00	  0.0000E+00	  0.0000E+00	  0.0000E+00	  0.0000E+00
  0.0000E+00	  0.0000E+00	  0.0000E+00	  0.0000E+00	  0.0000E+00	  0.0000E+00	  0.0000E+00	  0.0000E+00	  0.0000E+00	  0.0000E+00	  0.0000E+00	  0.0000E+00	  0.0000E+00	  0.0000E+00	  0.0000E+00	  0.0000E+00	  0.0000E+00	  0.0000E+00	  0.0000E+00	  0.0000E+00	  0.0000E+00	  0.0000E+00	  0.0000E+00	  0.0000E+00	  0.0000E+00	  0.0000E+00	  0.0000E+00	  0.0000E+00	  0.0000E+00	  0.0000E+00	  0.0000E+00	  0.0000E+00	  0.0000E+00	  0.0000E+00	  0.0000E+00	  0.0000E+00	  0.0000E+00	  0.0000E+00	  0.0000E+00	  0.0000E+00	  0.0000E+00	  0.0000E+00	  0.0000E+00	  0.0000E+00	  0.0000E+00	  0.0000E+00	  0.0000E+00	  0.0000E+00	  0.0000E+00	  0.0000E+00	  0.0000E+00	  0.0000E+00	  0.0000E+00	  0.0000E+00	  0.0000E+00	  0.0000E+00	  0.0000E+00	  0.0000E+00	  0.0000E+00	  0.0000E+00	  0.0000E+00	  0.0000E+00	  0.0000E+00	  0.0000E+00	  0.0000E+00	  0.0000E+00	  0.0000E+00	  0.0000E+00	  0.0000E+00	  0.0000E+00	  0.0000E+00	  0.0000E+00	  0.0000E+00	  0.0000E+00	  0.0000E+00	  0.0000E+00	  0.0000E+00	  0.0000E+00	  0.0000E+00	  0.0000E+00
  0.0000E+00	  0.0000E+00	  0.0000E+00	  0.0000E+00	  0.0000E+00	  0.0000E+00	  0.0000E+00	  0.0000E+00	  0.0000E+00	  0.0000E+00	  0.0000E+00	  0.0000E+00	  0.0000E+00	  0.0000E+00	  0.0000E+00	  0.0000E+00	  0.0000E+00	  0.0000E+00	  0.0000E+00	  0.0000E+00	  0.0000E+00	  0.0000E+00	  0.0000E+00	  0.0000E+00	  0.0000E+00	  0.0000E+00	  0.0000E+00	  0.0000E+00	  0.0000E+00	  0.0000E+00	  0.0000E+00	  0.0000E+00	  0.0000E+00	  0.0000E+00	  0.0000E+00	  0.0000E+00	  0.0000E+00	  0.0000E+00	  0.0000E+00	  0.0000E+00	  0.0000E+00	  0.0000E+00	  0.0000E+00	  0.0000E+00	  0.0000E+00	  0.0000E+00	  0.0000E+00	  0.0000E+00	  0.0000E+00	  0.0000E+00	  0.0000E+00	  0.0000E+00	  0.0000E+00	  0.0000E+00	  0.0000E+00	  0.0000E+00	  0.0000E+00	  0.0000E+00	  0.0000E+00	  0.0000E+00	  0.0000E+00	  0.0000E+00	  0.0000E+00	  0.0000E+00	  0.0000E+00	  0.0000E+00	  0.0000E+00	  0.0000E+00	  0.0000E+00	  0.0000E+00	  0.0000E+00	  0.0000E+00	  0.0000E+00	  0.0000E+00	  0.0000E+00	  0.0000E+00	  0.0000E+00	  0.0000E+00	  0.0000E+00	  0.0000E+00
  0.0000E+00	  0.0000E+00	  0.0000E+00	  0.0000E+00	  0.0000E+00	  0.0000E+00	  0.0000E+00	  0.0000E+00	  0.0000E+00	  0.0000E+00	  0.0000E+00	  0.0000E+00	  0.0000E+00	  0.0000E+00	  0.0000E+00	  0.0000E+00	  0.0000E+00	  0.0000E+00	  0.0000E+00	  0.0000E+00	  0.0000E+00	  0.0000E+00	  0.0000E+00	  0.0000E+00	  0.0000E+00	  0.0000E+00	  0.0000E+00	  0.0000E+00	  0.0000E+00	  0.0000E+00	  0.0000E+00	  0.0000E+00	  0.0000E+00	  0.0000E+00	  0.0000E+00	  0.0000E+00	  0.0000E+00	  0.0000E+00	  0.0000E+00	  0.0000E+00	  0.0000E+00	  0.0000E+00	  0.0000E+00	  0.0000E+00	  0.0000E+00	  0.0000E+00	  0.0000E+00	  0.0000E+00	  0.0000E+00	  0.0000E+00	  0.0000E+00	  0.0000E+00	  0.0000E+00	  0.0000E+00	  0.0000E+00	  0.0000E+00	  0.0000E+00	  0.0000E+00	  0.0000E+00	  0.0000E+00	  0.0000E+00	  0.0000E+00	  0.0000E+00	  0.0000E+00	  0.0000E+00	  0.0000E+00	  0.0000E+00	  0.0000E+00	  0.0000E+00	  0.0000E+00	  0.0000E+00	  0.0000E+00	  0.0000E+00	  0.0000E+00	  0.0000E+00	  0.0000E+00	  0.0000E+00	  0.0000E+00	  0.0000E+00	  0.0000E+00
  0.0000E+00	  0.0000E+00	  0.0000E+00	  0.0000E+00	  0.0000E+00	  0.0000E+00	  0.0000E+00	  0.0000E+00	  0.0000E+00	  0.0000E+00	  0.0000E+00	  0.0000E+00	  0.0000E+00	  0.0000E+00	  0.0000E+00	  0.0000E+00	  0.0000E+00	  0.0000E+00	  0.0000E+00	  0.0000E+00	  0.0000E+00	  0.0000E+00	  0.0000E+00	  0.0000E+00	  0.0000E+00	  0.0000E+00	  0.0000E+00	  0.0000E+00	  0.0000E+00	  0.0000E+00	  0.0000E+00	  0.0000E+00	  0.0000E+00	  0.0000E+00	  0.0000E+00	  0.0000E+00	  0.0000E+00	  0.0000E+00	  0.0000E+00	  0.0000E+00	  0.0000E+00	  0.0000E+00	  0.0000E+00	  0.0000E+00	  0.0000E+00	  0.0000E+00	  0.0000E+00	  0.0000E+00	  0.0000E+00	  0.0000E+00	  0.0000E+00	  0.0000E+00	  0.0000E+00	  0.0000E+00	  0.0000E+00	  0.0000E+00	  0.0000E+00	  0.0000E+00	  0.0000E+00	  0.0000E+00	  0.0000E+00	  0.0000E+00	  0.0000E+00	  0.0000E+00	  0.0000E+00	  0.0000E+00	  0.0000E+00	  0.0000E+00	  0.0000E+00	  0.0000E+00	  0.0000E+00	  0.0000E+00	  0.0000E+00	  0.0000E+00	  0.0000E+00	  0.0000E+00	  0.0000E+00	  0.0000E+00	  0.0000E+00	  0.0000E+00
  0.0000E+00	  0.0000E+00	  0.0000E+00	  0.0000E+00	  0.0000E+00	  0.0000E+00	  0.0000E+00	  0.0000E+00	  0.0000E+00	  0.0000E+00	  0.0000E+00	  0.0000E+00	  0.0000E+00	  0.0000E+00	  0.0000E+00	  0.0000E+00	  0.0000E+00	  0.0000E+00	  0.0000E+00	  0.0000E+00	  0.0000E+00	  0.0000E+00	  0.0000E+00	  0.0000E+00	  0.0000E+00	  0.0000E+00	  0.0000E+00	  0.0000E+00	  0.0000E+00	  0.0000E+00	  0.0000E+00	  0.0000E+00	  0.0000E+00	  0.0000E+00	  0.0000E+00	  0.0000E+00	  0.0000E+00	  0.0000E+00	  0.0000E+00	  0.0000E+00	  0.0000E+00	  0.0000E+00	  0.0000E+00	  0.0000E+00	  0.0000E+00	  0.0000E+00	  0.0000E+00	  0.0000E+00	  0.0000E+00	  0.0000E+00	  0.0000E+00	  0.0000E+00	  0.0000E+00	  0.0000E+00	  0.0000E+00	  0.0000E+00	  0.0000E+00	  0.0000E+00	  0.0000E+00	  0.0000E+00	  0.0000E+00	  0.0000E+00	  0.0000E+00	  0.0000E+00	  0.0000E+00	  0.0000E+00	  0.0000E+00	  0.0000E+00	  0.0000E+00	  0.0000E+00	  0.0000E+00	  0.0000E+00	  0.0000E+00	  0.0000E+00	  0.0000E+00	  0.0000E+00	  0.0000E+00	  0.0000E+00	  0.0000E+00	  0.0000E+00
  0.0000E+00	  0.0000E+00	  0.0000E+00	  0.0000E+00	  0.0000E+00	  0.0000E+00	  0.0000E+00	  0.0000E+00	  0.0000E+00	  0.0000E+00	  0.0000E+00	  0.0000E+00	  0.0000E+00	  0.0000E+00	  0.0000E+00	  0.0000E+00	  0.0000E+00	  0.0000E+00	  0.0000E+00	  0.0000E+00	  0.0000E+00	  0.0000E+00	  0.0000E+00	  0.0000E+00	  0.0000E+00	  0.0000E+00	  0.0000E+00	  0.0000E+00	  0.0000E+00	  0.0000E+00	  0.0000E+00	  0.0000E+00	  0.0000E+00	  0.0000E+00	  0.0000E+00	  0.0000E+00	  0.0000E+00	  0.0000E+00	  0.0000E+00	  0.0000E+00	  0.0000E+00	  0.0000E+00	  0.0000E+00	  0.0000E+00	  0.0000E+00	  0.0000E+00	  0.0000E+00	  0.0000E+00	  0.0000E+00	  0.0000E+00	  0.0000E+00	  0.0000E+00	  0.0000E+00	  0.0000E+00	  0.0000E+00	  0.0000E+00	  0.0000E+00	  0.0000E+00	  0.0000E+00	  0.0000E+00	  0.0000E+00	  0.0000E+00	  0.0000E+00	  0.0000E+00	  0.0000E+00	  0.0000E+00	  0.0000E+00	  0.0000E+00	  0.0000E+00	  0.0000E+00	  0.0000E+00	  0.0000E+00	  0.0000E+00	  0.0000E+00	  0.0000E+00	  0.0000E+00	  0.0000E+00	  0.0000E+00	  0.0000E+00	  0.0000E+00
  0.0000E+00	  0.0000E+00	  0.0000E+00	  0.0000E+00	  0.0000E+00	  0.0000E+00	  0.0000E+00	  0.0000E+00	  0.0000E+00	  0.0000E+00	  0.0000E+00	  0.0000E+00	  0.0000E+00	  0.0000E+00	  0.0000E+00	  0.0000E+00	  0.0000E+00	  0.0000E+00	  0.0000E+00	  0.0000E+00	  0.0000E+00	  0.0000E+00	  0.0000E+00	  0.0000E+00	  0.0000E+00	  0.0000E+00	  0.0000E+00	  0.0000E+00	  0.0000E+00	  0.0000E+00	  0.0000E+00	  0.0000E+00	  0.0000E+00	  0.0000E+00	  0.0000E+00	  0.0000E+00	  0.0000E+00	  0.0000E+00	  0.0000E+00	  0.0000E+00	  0.0000E+00	  4.9702E-02	  2.7821E-02	  1.3978E-01	  1.7817E-01	  6.1117E-01	  2.0502E-01	  1.8408E-02	  3.5812E-01	  4.3533E-01	  2.6701E-01	  3.0218E-02	  5.9979E-02	  0.0000E+00	  0.0000E+00	  0.0000E+00	  0.0000E+00	  0.0000E+00	  0.0000E+00	  0.0000E+00	  0.0000E+00	  0.0000E+00	  0.0000E+00	  0.0000E+00	  0.0000E+00	  0.0000E+00	  0.0000E+00	  0.0000E+00	  0.0000E+00	  0.0000E+00	  0.0000E+00	  0.0000E+00	  0.0000E+00	  0.0000E+00	  0.0000E+00	  0.0000E+00	  0.0000E+00	  0.0000E+00	  0.0000E+00	  0.0000E+00
  0.0000E+00	  0.0000E+00	  0.0000E+00	  0.0000E+00	  0.0000E+00	  0.0000E+00	  0.0000E+00	  0.0000E+00	  0.0000E+00	  0.0000E+00	  0.0000E+00	  0.0000E+00	  0.0000E+00	  0.0000E+00	  0.0000E+00	  0.0000E+00	  0.0000E+00	  0.0000E+00	  0.0000E+00	  0.0000E+00	  0.0000E+00	  0.0000E+00	  0.0000E+00	  0.0000E+00	  0.0000E+00	  0.0000E+00	  0.0000E+00	  0.0000E+00	  0.0000E+00	  0.0000E+00	  0.0000E+00	  0.0000E+00	  0.0000E+00	  0.0000E+00	  0.0000E+00	  0.0000E+00	  0.0000E+00	  0.0000E+00	  1.0213E-01	  3.7467E-01	  6.5072E-01	  9.2277E-01	  1.4745E+00	  2.3686E+00	  2.0049E+00	  2.8050E+00	  1.9764E+00	  1.6192E+00	  2.6258E+00	  1.9526E+00	  2.5504E+00	  1.6540E+00	  9.5885E-01	  4.6974E-01	  1.0792E+00	  7.8246E-01	  5.3745E-02	  0.0000E+00	  0.0000E+00	  0.0000E+00	  0.0000E+00	  0.0000E+00	  0.0000E+00	  0.0000E+00	  0.0000E+00	  0.0000E+00	  0.0000E+00	  0.0000E+00	  0.0000E+00	  0.0000E+00	  0.0000E+00	  0.0000E+00	  0.0000E+00	  0.0000E+00	  0.0000E+00	  0.0000E+00	  0.0000E+00	  0.0000E+00	  0.0000E+00	  0.0000E+00
  0.0000E+00	  0.0000E+00	  0.0000E+00	  0.0000E+00	  0.0000E+00	  0.0000E+00	  0.0000E+00	  0.0000E+00	  0.0000E+00	  0.0000E+00	  0.0000E+00	  0.0000E+00	  0.0000E+00	  0.0000E+00	  0.0000E+00	  0.0000E+00	  0.0000E+00	  0.0000E+00	  0.0000E+00	  0.0000E+00	  0.0000E+00	  0.0000E+00	  0.0000E+00	  0.0000E+00	  0.0000E+00	  0.0000E+00	  0.0000E+00	  0.0000E+00	  0.0000E+00	  0.0000E+00	  0.0000E+00	  0.0000E+00	  0.0000E+00	  0.0000E+00	  0.0000E+00	  0.0000E+00	  6.8399E-02	  8.9845E-01	  1.4529E+00	  3.5273E+00	  5.2038E+00	  3.2012E+00	  6.8911E+00	  6.3303E+00	  6.2012E+00	  6.4622E+00	  6.1955E+00	  6.0025E+00	  5.3576E+00	  7.6422E+00	  7.1850E+00	  4.2850E+00	  2.2850E+00	  3.4354E+00	  2.9778E+00	  2.3197E+00	  6.7415E-01	  4.5645E-01	  1.9164E-01	  0.0000E+00	  0.0000E+00	  0.0000E+00	  0.0000E+00	  0.0000E+00	  0.0000E+00	  0.0000E+00	  0.0000E+00	  0.0000E+00	  0.0000E+00	  0.0000E+00	  0.0000E+00	  0.0000E+00	  0.0000E+00	  0.0000E+00	  0.0000E+00	  0.0000E+00	  0.0000E+00	  0.0000E+00	  0.0000E+00	  0.0000E+00
  0.0000E+00	  0.0000E+00	  0.0000E+00	  0.0000E+00	  0.0000E+00	  0.0000E+00	  0.0000E+00	  0.0000E+00	  0.0000E+00	  0.0000E+00	  0.0000E+00	  0.0000E+00	  0.0000E+00	  0.0000E+00	  0.0000E+00	  0.0000E+00	  0.0000E+00	  0.0000E+00	  0.0000E+00	  0.0000E+00	  0.0000E+00	  0.0000E+00	  0.0000E+00	  0.0000E+00	  0.0000E+00	  0.0000E+00	  0.0000E+00	  0.0000E+00	  0.0000E+00	  0.0000E+00	  0.0000E+00	  0.0000E+00	  0.0000E+00	  1.6621E-01	  5.4344E-01	  1.9391E+00	  4.4622E+00	  6.3202E+00	  1.0503E+01	  1.2484E+01	  1.0570E+01	  9.9114E+00	  1.1920E+01	  1.3521E+01	  1.3085E+01	  1.1057E+01	  1.1500E+01	  1.0344E+01	  1.1321E+01	  1.1214E+01	  1.0270E+01	  1.2030E+01	  8.3320E+00	  5.3889E+00	  6.5653E+00	  4.6342E+00	  2.8590E+00	  3.2438E+00	  2.1912E+00	  9.5887E-01	  5.0442E-01	  0.0000E+00	  0.0000E+00	  0.0000E+00	  0.0000E+00	  0.0000E+00	  0.0000E+00	  0.0000E+00	  0.0000E+00	  0.0000E+00	  0.0000E+00	  0.0000E+00	  0.0000E+00	  0.0000E+00	  0.0000E+00	  0.0000E+00	  0.0000E+00	  0.0000E+00	  0.0000E+00	  0.0000E+00
  0.0000E+00	  0.0000E+00	  0.0000E+00	  0.0000E+00	  0.0000E+00	  0.0000E+00	  0.0000E+00	  0.0000E+00	  0.0000E+00	  0.0000E+00	  0.0000E+00	  0.0000E+00	  0.0000E+00	  0.0000E+00	  0.0000E+00	  0.0000E+00	  0.0000E+00	  0.0000E+00	  0.0000E+00	  0.0000E+00	  0.0000E+00	  0.0000E+00	  0.0000E+00	  0.0000E+00	  0.0000E+00	  0.0000E+00	  0.0000E+00	  0.0000E+00	  0.0000E+00	  0.0000E+00	  0.0000E+00	  3.9716E-01	  1.4802E+00	  4.3248E+00	  4.8133E+00	  9.6431E+00	  1.2415E+01	  1.3201E+01	  1.4237E+01	  1.8656E+01	  1.5681E+01	  1.9024E+01	  2.0119E+01	  1.8885E+01	  1.8901E+01	  1.8822E+01	  1.7247E+01	  1.7581E+01	  1.7239E+01	  1.6146E+01	  1.5579E+01	  1.4057E+01	  1.3719E+01	  9.9360E+00	  1.1264E+01	  9.0232E+00	  7.4643E+00	  7.2137E+00	  5.4478E+00	  4.3396E+00	  1.6362E+00	  1.6116E-01	  0.0000E+00	  0.0000E+00	  0.0000E+00	  0.0000E+00	  0.0000E+00	  0.0000E+00	  0.0000E+00	  0.0000E+00	  0.0000E+00	  0.0000E+00	  0.0000E+00	  0.0000E+00	  0.0000E+00	  0.0000E+00	  0.0000E+00	  0.0000E+00	  0.0000E+00	  0.0000E+00
  0.0000E+00	  0.0000E+00	  0.0000E+00	  0.0000E+00	  0.0000E+00	  0.0000E+00	  0.0000E+00	  0.0000E+00	  0.0000E+00	  0.0000E+00	  0.0000E+00	  0.0000E+00	  0.0000E+00	  0.0000E+00	  0.0000E+00	  0.0000E+00	  0.0000E+00	  0.0000E+00	  0.0000E+00	  0.0000E+00	  0.0000E+00	  0.0000E+00	  0.0000E+00	  0.0000E+00	  0.0000E+00	  0.0000E+00	  0.0000E+00	  0.0000E+00	  1.8768E-02	  2.8021E-01	  2.6532E+00	  7.5300E+00	  1.0000E+01	  1.3422E+01	  1.3168E+01	  1.7032E+01	  2.1076E+01	  2.2741E+01	  2.5421E+01	  2.6839E+01	  2.6760E+01	  2.9858E+01	  3.3288E+01	  2.6204E+01	  2.8036E+01	  2.3177E+01	  2.0086E+01	  2.1826E+01	  2.6247E+01	  2.1188E+01	  2.1099E+01	  1.7826E+01	  2.1012E+01	  1.8726E+01	  1.4174E+01	  1.3005E+01	  1.1168E+01	  9.4995E+00	  8.8938E+00	  7.1283E+00	  3.3377E+00	  1.4387E+00	  5.8827E-01	  1.0163E-01	  0.0000E+00	  0.0000E+00	  0.0000E+00	  0.0000E+00	  0.0000E+00	  0.0000E+00	  0.0000E+00	  0.0000E+00	  0.0000E+00	  0.0000E+00	  0.0000E+00	  0.0000E+00	  0.0000E+00	  0.0000E+00	  0.0000E+00	  0.0000E+00
  0.0000E+00	  0.0000E+00	  0.0000E+00	  0.0000E+00	  0.0000E+00	  0.0000E+00	  0.0000E+00	  0.0000E+00	  0.0000E+00	  0.0000E+00	  0.0000E+00	  0.0000E+00	  0.0000E+00	  0.0000E+00	  0.0000E+00	  0.0000E+00	  0.0000E+00	  0.0000E+00	  0.0000E+00	  0.0000E+00	  0.0000E+00	  0.0000E+00	  0.0000E+00	  0.0000E+00	  0.0000E+00	  0.0000E+00	  0.0000E+00	  1.1447E-01	  2.3231E+00	  7.4192E+00	  1.1409E+01	  1.6672E+01	  2.2874E+01	  2.2001E+01	  2.1150E+01	  2.4085E+01	  3.0867E+01	  3.7604E+01	  3.2680E+01	  3.2515E+01	  3.6242E+01	  3.3960E+01	  3.3823E+01	  3.6111E+01	  3.4994E+01	  3.4044E+01	  4.0020E+01	  3.5097E+01	  3.4593E+01	  2.9739E+01	  3.1078E+01	  2.3803E+01	  2.5408E+01	  2.3518E+01	  2.1505E+01	  1.6750E+01	  1.3285E+01	  1.1902E+01	  1.0791E+01	  9.6786E+00	  5.0265E+00	  3.6629E+00	  2.5785E+00	  1.3717E+00	  1.3910E-02	  0.0000E+00	  0.0000E+00	  0.0000E+00	  0.0000E+00	  0.0000E+00	  0.0000E+00	  0.0000E+00	  0.0000E+00	  0.0000E+00	  0.0000E+00	  0.0000E+00	  0.0000E+00	  0.0000E+00	  0.0000E+00	  0.0000E+00
  0.0000E+00	  0.0000E+00	  0.0000E+00	  0.0000E+00	  0.0000E+00	  0.0000E+00	  0.0000E+00	  0.0000E+00	  0.0000E+00	  0.0000E+00	  0.0000E+00	  0.0000E+00	  0.0000E+00	  0.0000E+00	  0.0000E+00	  0.0000E+00	  0.0000E+00	  0.0000E+00	  0.0000E+00	  0.0000E+00	  0.0000E+00	  0.0000E+00	  0.0000E+00	  0.0000E+00	  0.0000E+00	  3.9266E-02	  1.0925E+00	  5.7290E+00	  9.0855E+00	  1.4133E+01	  2.0771E+01	  2.5082E+01	  3.1492E+01	  3.3210E+01	  3.1997E+01	  3.5388E+01	  4.2384E+01	  4.0221E+01	  3.7745E+01	  4.1362E+01	  4.3493E+01	  4.6257E+01	  3.7014E+01	  3.6610E+01	  4.2651E+01	  4.2076E+01	  4.1775E+01	  3.9456E+01	  3.8066E+01	  3.9469E+01	  4.0558E+01	  3.1612E+01	  3.5117E+01	  2.9659E+01	  2.6360E+01	  2.2987E+01	  2.2195E+01	  1.6681E+01	  1.3790E+01	  1.2500E+01	  1.1432E+01	  9.0218E+00	  4.3501E+00	  9.0873E-01	  2.4713E-01	  1.8144E-01	  0.0000E+00	  0.0000E+00	  0.0000E+00	  0.0000E+00	  0.0000E+00	  0.0000E+00	  0.0000E+00	  0.0000E+00	  0.0000E+00	  0.0000E+00	  0.0000E+00	  0.0000E+00	  0.0000E+00	  0.0000E+00
  0.0000E+00	  0.0000E+00	  0.0000E+00	  0.0000E+00	  0.0000E+00	  0.0000E+00	  0.0000E+00	  0.0000E+00	  0.0000E+00	  0.0000E+00	  0.0000E+00	  0.0000E+00	  0.0000E+00	  0.0000E+00	  0.0000E+00	  0.0000E+00	  0.0000E+00	  0.0000E+00	  0.0000E+00	  0.0000E+00	  0.0000E+00	  0.0000E+00	  0.0000E+00	  4.5915E-01	  1.0351E+00	  4.9782E+00	  9.0127E+00	  1.5784E+01	  2.0351E+01	  2.7923E+01	  2.4967E+01	  3.2361E+01	  4.1072E+01	  4.5793E+01	  3.9517E+01	  4.5330E+01	  5.0964E+01	  5.2206E+01	  5.0481E+01	  5.0693E+01	  5.3944E+01	  5.6582E+01	  4.9744E+01	  4.4616E+01	  4.8785E+01	  5.3476E+01	  5.0663E+01	  4.8187E+01	  4.6678E+01	  4.6084E+01	  4.1716E+01	  4.0798E+01	  3.8061E+01	  3.6798E+01	  3.8203E+01	  3.1095E+01	  2.8183E+01	  2.2193E+01	  1.9827E+01	  1.5496E+01	  1.3587E+01	  1.3382E+01	  8.6795E+00	  5.3287E+00	  3.3498E+00	  9.5512E-01	  0.0000E+00	  0.0000E+00	  0.0000E+00	  0.0000E+00	  0.0000E+00	  0.0000E+00	  0.0000E+00	  0.0000E+00	  0.0000E+00	  0.0000E+00	  0.0000E+00	  0.0000E+00	  0.0000E+00	  0.0000E+00
  0.0000E+00	  0.0000E+00	  0.0000E+00	  0.0000E+00	  0.0000E+00	  0.0000E+00	  0.0000E+00	  0.0000E+00	  0.0000E+00	  0.0000E+00	  0.0000E+00	  0.0000E+00	  0.0000E+00	  0.0000E+00	  0.0000E+00	  0.0000E+00	  0.0000E+00	  0.0000E+00	  0.0000E+00	  0.0000E+00	  0.0000E+00	  1.7418E-02	  5.6737E-01	  3.8929E+00	  8.5894E+00	  1.3361E+01	  1.8709E+01	  2.5500E+01	  2.7925E+01	  3.7119E+01	  3.8355E+01	  4.6965E+01	  4.9881E+01	  4.8730E+01	  5.3650E+01	  5.2409E+01	  5.7508E+01	  6.1724E+01	  6.5736E+01	  6.0338E+01	  6.7233E+01	  6.1329E+01	  7.0452E+01	  6.6891E+01	  6.4157E+01	  6.1273E+01	  5.9389E+01	  5.6856E+01	  6.0297E+01	  5.4170E+01	  5.4049E+01	  5.4447E+01	  4.7503E+01	  4.4080E+01	  4.1163E+01	  3.6315E+01	  3.7862E+01	  3.7764E+01	  2.6126E+01	  2.3758E+01	  2.1140E+01	  1.7327E+01	  1.3728E+01	  1.0710E+01	  5.3462E+00	  1.2150E+00	  8.9134E-02	  2.0512E-04	  0.0000E+00	  0.0000E+00	  0.0000E+00	  0.0000E+00	  0.0000E+00	  0.0000E+00	  0.0000E+00	  0.0000E+00	  0.0000E+00	  0.0000E+00	  0.0000E+00	  0.0000E+00
  0.0000E+00	  0.0000E+00	  0.0000E+00	  0.0000E+00	  0.0000E+00	  0.0000E+00	  0.0000E+00	  0.0000E+00	  0.0000E+00	  0.0000E+00	  0.0000E+00	  0.0000E+00	  0.0000E+00	  0.0000E+00	  0.0000E+00	  0.0000E+00	  0.0000E+00	  0.0000E+00	  0.0000E+00	  0.0000E+00	  4.3284E-01	  1.6839E+00	  5.3006E+00	  8.7531E+00	  1.7068E+01	  2.5421E+01	  2.8804E+01	  3.9585E+01	  4.1912E+01	  4.8488E+01	  5.0927E+01	  4.7116E+01	  6.1842E+01	  6.0789E+01	  6.3081E+01	  6.5068E+01	  6.6125E+01	  6.6171E+01	  7.2494E+01	  7.3826E+01	  6.6697E+01	  7.4027E+01	  7.1240E+01	  7.1704E+01	  7.4258E+01	  7.3787E+01	  6.4633E+01	  6.6248E+01	  7.0014E+01	  6.6049E+01	  6.8187E+01	  6.5509E+01	  5.5000E+01	  5.3017E+01	  4.6077E+01	  4.2838E+01	  4.0370E+01	  3.9658E+01	  3.5583E+01	  2.6015E+01	  2.4170E+01	  2.2633E+01	  1.7270E+01	  1.2659E+01	  8.0072E+00	  3.8800E+00	  1.8012E+00	  1.5131E-01	  0.0000E+00	  0.0000E+00	  0.0000E+00	  0.0000E+00	  0.0000E+00	  0.0000E+00	  0.0000E+00	  0.0000E+00	  0.0000E+00	  0.0000E+00	  0.0000E+00	  0.0000E+00
  0.0000E+00	  0.0000E+00	  0.0000E+00	  0.0000E+00	  0.0000E+00	  0.0000E+00	  0.0000E+00	  0.0000E+00	  0.0000E+00	  0.0000E+00	  0.0000E+00	  0.0000E+00	  0.0000E+00	  0.0000E+00	  0.0000E+00	  0.0000E+00	  0.0000E+00	  0.0000E+00	  0.0000E+00	  2.0214E-01	  2.8101E+00	  1.1937E+01	  1.6520E+01	  2.1356E+01	  2.5863E+01	  3.3514E+01	  3.7158E+01	  4.4154E+01	  5.2583E+01	  5.7485E+01	  5.8483E+01	  6.5036E+01	  7.7779E+01	  7.6522E+01	  7.1478E+01	  8.2243E+01	  8.0704E+01	  7.8921E+01	  8.5060E+01	  8.7181E+01	  8.1824E+01	  8.7003E+01	  7.7048E+01	  7.6532E+01	  8.5162E+01	  8.4798E+01	  7.9073E+01	  8.0018E+01	  7.2877E+01	  7.6162E+01	  7.7341E+01	  7.1358E+01	  6.4002E+01	  6.4966E+01	  5.6236E+01	  5.1002E+01	  4.6027E+01	  3.7662E+01	  3.8977E+01	  3.0676E+01	  3.3732E+01	  3.2093E+01	  2.4834E+01	  1.5305E+01	  1.1295E+01	  6.2224E+00	  1.5778E+00	  3.5228E-01	  0.0000E+00	  0.0000E+00	  0.0000E+00	  0.0000E+00	  0.0000E+00	  0.0000E+00	  0.0000E+00	  0.0000E+00	  0.0000E+00	  0.0000E+00	  0.0000E+00	  0.0000E+00
  0.0000E+00	  0.0000E+00	  0.0000E+00	  0.0000E+00	  0.0000E+00	  0.0000E+00	  0.0000E+00	  0.0000E+00	  0.0000E+00	  0.0000E+00	  0.0000E+00	  0.0000E+00	  0.0000E+00	  0.0000E+00	  0.0000E+00	  0.0000E+00	  0.0000E+00	  3.2553E-02	  1.7348E+00	  4.9953E+00	  1.2860E+01	  2.1645E+01	  2.6558E+01	  3.3206E+01	  3.9916E+01	  5.0789E+01	  5.3768E+01	  5.1729E+01	  6.7089E+01	  7.4545E+01	  7.5226E+01	  8.4628E+01	  8.3934E+01	  8.6109E+01	  8.0861E+01	  9.9011E+01	  9.7010E+01	  9.7929E+01	  9.3397E+01	  1.0197E+02	  9.0728E+01	  1.0202E+02	  9.7903E+01	  1.0102E+02	  9.7086E+01	  1.0300E+02	  9.7286E+01	  9.1200E+01	  8.7910E+01	  8.4295E+01	  8.5524E+01	  7.5890E+01	  6.6777E+01	  6.8358E+01	  6.8552E+01	  5.9500E+01	  6.3574E+01	  5.2917E+01	  4.9255E+01	  3.9311E+01	  3.7264E+01	  3.2811E+01	  2.7775E+01	  1.8165E+01	  1.5400E+01	  7.7984E+00	  2.5014E+00	  8.0262E-01	  3.6380E-02	  0.0000E+00	  0.0000E+00	  0.0000E+00	  0.0000E+00	  0.0000E+00	  0.0000E+00	  0.0000E+00	  0.0000E+00	  0.0000E+00	  0.0000E+00	  0.0000E+00
  0.0000E+00	  0.0000E+00	  0.0000E+00	  0.0000E+00	  0.0000E+00	  0.0000E+00	  0.0000E+00	  0.0000E+00	  0.0000E+00	  0.0000E+00	  0.0000E+00	  0.0000E+00	  0.0000E+00	  0.0000E+00	  0.0000E+00	  0.0000E+00	  9.3867E-02	  1.4119E+00	  7.0767E+00	  1.4171E+01	  2.1256E+01	  2.9001E+01	  3.4053E+01	  4.1654E+01	  4.8851E+01	  5.4466E+01	  7.0231E+01	  6.6496E+01	  7.6316E+01	  8.0287E+01	  8.4288E+01	  9.2320E+01	  9.7875E+01	  1.0514E+02	  1.0654E+02	  1.1427E+02	  1.0642E+02	  1.0185E+02	  1.0415E+02	  1.0784E+02	  1.1643E+02	  1.1034E+02	  1.0477E+02	  1.1526E+02	  1.1323E+02	  1.0853E+02	  1.0306E+02	  9.7263E+01	  9.1441E+01	  8.8736E+01	  8.6586E+01	  8.4634E+01	  7.7169E+01	  7.1505E+01	  6.9731E+01	  7.1644E+01	  6.5217E+01	  7.0098E+01	  5.3534E+01	  5.4059E+01	  4.1064E+01	  3.7358E+01	  3.1108E+01	  2.4638E+01	  1.4101E+01	  1.1878E+01	  7.4107E+00	  1.6066E+00	  1.8783E-01	  0.0000E+00	  0.0000E+00	  0.0000E+00	  0.0000E+00	  0.0000E+00	  0.0000E+00	  0.0000E+00	  0.0000E+00	  0.0000E+00	  0.0000E+00	  0.0000E+00
  0.0000E+00	  0.0000E+00	  0.0000E+00	  0.0000E+00	  0.0000E+00	  0.0000E+00	  0.0000E+00	  0.0000E+00	  0.0000E+00	  0.0000E+00	  0.0000E+00	  0.0000E+00	  0.0000E+00	  0.0000E+00	  0.0000E+00	  5.2463E-02	  1.4296E+00	  4.3820E+00	  1.3105E+01	  2.4515E+01	  2.5928E+01	  3.5060E+01	  4.4896E+01	  5.2807E+01	  6.0289E+01	  6.5118E+01	  7.9124E+01	  7.9952E+01	  8.1860E+01	  8.3525E+01	  9.5838E+01	  1.0005E+02	  1.0428E+02	  1.1259E+02	  1.0679E+02	  1.2775E+02	  1.2206E+02	  1.2378E+02	  1.2487E+02	  1.1672E+02	  1.2221E+02	  1.2280E+02	  1.2697E+02	  1.2277E+02	  1.1353E+02	  1.1533E+02	  1.0148E+02	  9.9801E+01	  9.4390E+01	  9.9763E+01	  1.0025E+02	  8.8764E+01	  9.0715E+01	  8.1721E+01	  7.9207E+01	  7.6406E+01	  6.8446E+01	  6.3103E+01	  5.8198E+01	  5.8743E+01	  4.7835E+01	  3.7281E+01	  3.8734E+01	  2.6900E+01	  1.6222E+01	  1.1728E+01	  7.3291E+00	  2.5424E+00	  3.8090E-01	  0.0000E+00	  0.0000E+00	  0.0000E+00	  0.0000E+00	  0.0000E+00	  0.0000E+00	  0.0000E+00	  0.0000E+00	  0.0000E+00	  0.0000E+00	  0.0000E+00
  0.0000E+00	  0.0000E+00	  0.0000E+00	  0.0000E+00	  0.0000E+00	  0.0000E+00	  0.0000E+00	  0.0000E+00	  0.0000E+00	  0.0000E+00	  0.0000E+00	  0.0000E+00	  0.0000E+00	  0.0000E+00	  2.4207E-01	  1.7678E+00	  7.3813E+00	  1.4460E+01	  2.1166E+01	  2.9671E+01	  3.4630E+01	  3.9777E+01	  5.2392E+01	  5.4446E+01	  6.0413E+01	  7.3670E+01	  8.2334E+01	  8.3258E+01	  9.5816E+01	  1.0004E+02	  1.0321E+02	  1.0663E+02	  1.1906E+02	  1.2354E+02	  1.1712E+02	  1.3271E+02	  1.2956E+02	  1.2971E+02	  1.2908E+02	  1.2926E+02	  1.3941E+02	  1.2497E+02	  1.2970E+02	  1.2769E+02	  1.2368E+02	  1.1517E+02	  1.1047E+02	  1.0284E+02	  1.1117E+02	  1.1409E+02	  1.0315E+02	  9.2226E+01	  9.9138E+01	  9.1341E+01	  9.3273E+01	  8.5121E+01	  8.5013E+01	  5.7434E+01	  5.9679E+01	  5.5809E+01	  4.7146E+01	  4.0636E+01	  3.6410E+01	  3.4454E+01	  2.3389E+01	  1.7913E+01	  1.1127E+01	  7.9627E+00	  1.7047E+00	  0.0000E+00	  0.0000E+00	  0.0000E+00	  0.0000E+00	  0.0000E+00	  0.0000E+00	  0.0000E+00	  0.0000E+00	  0.0000E+00	  0.0000E+00	  0.0000E+00
  0.0000E+00	  0.0000E+00	  0.0000E+00	  0.0000E+00	  0.0000E+00	  0.0000E+00	  0.0000E+00	  0.0000E+00	  0.0000E+00	  0.0000E+00	  0.0000E+00	  0.0000E+00	  0.0000E+00	  1.7859E-01	  3.3585E+00	  8.8403E+00	  1.4495E+01	  2.3904E+01	  3.5732E+01	  3.5944E+01	  3.7704E+01	  5.0446E+01	  6.0581E+01	  6.4190E+01	  6.5555E+01	  7.0280E+01	  8.7710E+01	  9.5676E+01	  9.2878E+01	  1.0619E+02	  1.0891E+02	  1.1560E+02	  1.2488E+02	  1.2584E+02	  1.2538E+02	  1.4207E+02	  1.4089E+02	  1.3351E+02	  1.4125E+02	  1.4070E+02	  1.3907E+02	  1.3517E+02	  1.3285E+02	  1.3667E+02	  1.2683E+02	  1.2166E+02	  1.2122E+02	  1.1964E+02	  1.2274E+02	  1.1413E+02	  9.9999E+01	  9.8829E+01	  9.4832E+01	  9.4846E+01	  9.6297E+01	  8.2590E+01	  8.2458E+01	  7.0076E+01	  6.2595E+01	  5.9900E+01	  4.8499E+01	  4.5856E+01	  4.2910E+01	  3.2630E+01	  2.8609E+01	  2.0564E+01	  8.6894E+00	  4.6796E+00	  1.7550E+00	  0.0000E+00	  0.0000E+00	  0.0000E+00	  0.0000E+00	  0.0000E+00	  0.0000E+00	  0.0000E+00	  0.0000E+00	  0.0000E+00	  0.0000E+00	  0.0000E+00
  0.0000E+00	  0.0000E+00	  0.0000E+00	  0.0000E+00	  0.0000E+00	  0.0000E+00	  0.0000E+00	  0.0000E+00	  0.0000E+00	  0.0000E+00	  0.0000E+00	  0.0000E+00	  1.1678E-01	  1.4428E+00	  8.1346E+00	  1.4868E+01	  2.4956E+01	  2.9833E+01	  3.6840E+01	  4.3976E+01	  4.3249E+01	  5.2708E+01	  5.6487E+01	  6.5266E+01	  7.0922E+01	  8.0492E+01	  8.4415E+01	  9.2907E+01	  9.9486E+01	  1.0786E+02	  1.2234E+02	  1.3008E+02	  1.3739E+02	  1.4316E+02	  1.3889E+02	  1.4968E+02	  1.4333E+02	  1.3554E+02	  1.4108E+02	  1.4930E+02	  1.4185E+02	  1.4459E+02	  1.3951E+02	  1.3791E+02	  1.3041E+02	  1.3343E+02	  1.3187E+02	  1.2664E+02	  1.2775E+02	  1.1550E+02	  1.2093E+02	  1.1318E+02	  1.0344E+02	  9.5608E+01	  9.8428E+01	  9.5776E+01	  8.2244E+01	  6.9605E+01	  6.2278E+01	  6.1257E+01	  5.6762E+01	  4.8056E+01	  4.3175E+01	  4.1130E+01	  2.9533E+01	  1.9410E+01	  1.1794E+01	  7.9779E+00	  2.6243E+00	  4.0511E-01	  0.0000E+00	  0.0000E+00	  0.0000E+00	  0.0000E+00	  0.0000E+00	  0.0000E+00	  0.0000E+00	  0.0000E+00	  0.0000E+00	  0.0000E+00
  0.0000E+00	  0.0000E+00	  0.0000E+00	  0.0000E+00	  0.0000E+00	  0.0000E+00	  0.0000E+00	  0.0000E+00	  0.0000E+00	  0.0000E+00	  0.0000E+00	  0.0000E+00	  6.0118E-01	  8.1975E+00	  1.0645E+01	  2.0411E+01	  2.7223E+01	  3.5129E+01	  4.4638E+01	  4.6691E+01	  5.1975E+01	  5.4996E+01	  6.1412E+01	  7.7058E+01	  8.3139E+01	  8.6842E+01	  8.6802E+01	  1.0333E+02	  1.1629E+02	  1.2159E+02	  1.2106E+02	  1.3329E+02	  1.4496E+02	  1.4626E+02	  1.5017E+02	  1.4510E+02	  1.3775E+02	  1.4403E+02	  1.5362E+02	  1.4567E+02	  1.4381E+02	  1.5084E+02	  1.4000E+02	  1.4431E+02	  1.4489E+02	  1.5097E+02	  1.5153E+02	  1.4350E+02	  1.3467E+02	  1.2603E+02	  1.1949E+02	  1.1675E+02	  1.0734E+02	  1.0804E+02	  9.4638E+01	  9.3956E+01	  7.8941E+01	  7.4019E+01	  6.7224E+01	  6.0817E+01	  5.7125E+01	  4.6583E+01	  4.0542E+01	  4.0612E+01	  3.2502E+01	  1.8031E+01	  1.4505E+01	  9.1217E+00	  4.9466E+00	  6.8323E-01	  0.0000E+00	  0.0000E+00	  0.0000E+00	  0.0000E+00	  0.0000E+00	  0.0000E+00	  0.0000E+00	  0.0000E+00	  0.0000E+00	  0.0000E+00
  0.0000E+00	  0.0000E+00	  0.0000E+00	  0.0000E+00	  0.0000E+00	  0.0000E+00	  0.0000E+00	  0.0000E+00	  0.0000E+00	  0.0000E+00	  0.0000E+00	  1.9040E-01	  4.4776E+00	  1.0841E+01	  1.8111E+01	  2.7163E+01	  3.2290E+01	  3.6371E+01	  4.1646E+01	  4.6518E+01	  5.4990E+01	  6.3085E+01	  7.1553E+01	  7.4608E+01	  8.4527E+01	  9.0476E+01	  9.4458E+01	  1.0406E+02	  1.1936E+02	  1.2925E+02	  1.3169E+02	  1.3074E+02	  1.4618E+02	  1.5879E+02	  1.5386E+02	  1.5148E+02	  1.3532E+02	  1.4687E+02	  1.5611E+02	  1.5179E+02	  1.5482E+02	  1.5399E+02	  1.4743E+02	  1.4639E+02	  1.3866E+02	  1.3825E+02	  1.4055E+02	  1.4284E+02	  1.3062E+02	  1.2544E+02	  1.2302E+02	  1.1585E+02	  1.1801E+02	  1.0685E+02	  9.7075E+01	  8.9141E+01	  7.1572E+01	  7.1687E+01	  7.1633E+01	  6.3085E+01	  5.3251E+01	  4.2574E+01	  4.3406E+01	  3.2811E+01	  2.6590E+01	  2.2673E+01	  1.6919E+01	  1.0286E+01	  5.1410E+00	  5.0489E-01	  0.0000E+00	  0.0000E+00	  0.0000E+00	  0.0000E+00	  0.0000E+00	  0.0000E+00	  0.0000E+00	  0.0000E+00	  0.0000E+00	  0.0000E+00
  0.0000E+00	  0.0000E+00	  0.0000E+00	  0.0000E+00	  0.0000E+00	  0.0000E+00	  0.0000E+00	  0.0000E+00	  0.0000E+00	  0.0000E+00	  5.7701E-02	  2.4956E+00	  8.5491E+00	  1.3958E+01	  1.9910E+01	  2.4436E+01	  2.8143E+01	  3.7037E+01	  4.1654E+01	  5.1153E+01	  6.2309E+01	  7.0224E+01	  7.1132E+01	  7.5926E+01	  8.3177E+01	  8.7146E+01	  9.3995E+01	  1.0561E+02	  1.1462E+02	  1.3255E+02	  1.4560E+02	  1.4246E+02	  1.4839E+02	  1.4910E+02	  1.4676E+02	  1.4657E+02	  1.3935E+02	  1.5211E+02	  1.4669E+02	  1.4866E+02	  1.5300E+02	  1.5611E+02	  1.4449E+02	  1.4224E+02	  1.4459E+02	  1.5320E+02	  1.5028E+02	  1.4185E+02	  1.4291E+02	  1.3312E+02	  1.2940E+02	  1.1809E+02	  1.1215E+02	  1.0246E+02	  8.8581E+01	  9.4630E+01	  7.8508E+01	  7.4731E+01	  7.0987E+01	  6.1063E+01	  5.4933E+01	  4.9593E+01	  3.1333E+01	  2.9913E+01	  2.4109E+01	  2.2030E+01	  1.7803E+01	  9.1476E+00	  5.1762E+00	  8.9618E-01	  1.3212E-01	  0.0000E+00	  0.0000E+00	  0.0000E+00	  0.0000E+00	  0.0000E+00	  0.0000E+00	  0.0000E+00	  0.0000E+00	  0.0000E+00
  0.0000E+00	  0.0000E+00	  0.0000E+00	  0.0000E+00	  0.0000E+00	  0.0000E+00	  0.0000E+00	  0.0000E+00	  0.0000E+00	  2.1319E-02	  5.0094E-01	  4.2789E+00	  1.1333E+01	  1.7674E+01	  2.1109E+01	  2.6626E+01	  3.0921E+01	  3.9291E+01	  4.3002E+01	  5.2407E+01	  6.4823E+01	  7.3426E+01	  7.2876E+01	  7.6533E+01	  8.2360E+01	  8.8905E+01	  9.9953E+01	  1.1048E+02	  1.1439E+02	  1.2863E+02	  1.3958E+02	  1.4514E+02	  1.5270E+02	  1.4765E+02	  1.5275E+02	  1.4967E+02	  1.5234E+02	  1.5132E+02	  1.4106E+02	  1.4473E+02	  1.5269E+02	  1.5179E+02	  1.4624E+02	  1.4655E+02	  1.5023E+02	  1.5037E+02	  1.3949E+02	  1.4388E+02	  1.4670E+02	  1.4606E+02	  1.3411E+02	  1.2014E+02	  1.1469E+02	  9.8626E+01	  9.1287E+01	  9.2347E+01	  7.7289E+01	  7.2659E+01	  7.0785E+01	  6.4707E+01	  4.9084E+01	  4.1267E+01	  4.1245E+01	  3.4184E+01	  2.4562E+01	  2.1621E+01	  1.3775E+01	  9.5179E+00	  3.3779E+00	  1.1057E+00	  1.2792E-01	  0.0000E+00	  0.0000E+00	  0.0000E+00	  0.0000E+00	  0.0000E+00	  0.0000E+00	  0.0000E+00	  0.0000E+00	  0.0000E+00
  0.0000E+00	  0.0000E+00	  0.0000E+00	  0.0000E+00	  0.0000E+00	  0.0000E+00	  0.0000E+00	  0.0000E+00	  0.0000E+00	  1.4574E-01	  2.3778E+00	  8.2131E+00	  1.7523E+01	  2.1854E+01	  2.6604E+01	  3.1352E+01	  3.2211E+01	  4.0691E+01	  4.4561E+01	  5.1094E+01	  6.8181E+01	  6.7074E+01	  7.4305E+01	  8.3299E+01	  7.9379E+01	  9.2073E+01	  1.0137E+02	  1.1211E+02	  1.2382E+02	  1.2897E+02	  1.3983E+02	  1.4071E+02	  1.4959E+02	  1.5370E+02	  1.4756E+02	  1.4964E+02	  1.4510E+02	  1.5025E+02	  1.5186E+02	  1.5064E+02	  1.4968E+02	  1.4951E+02	  1.5076E+02	  1.4834E+02	  1.5672E+02	  1.5057E+02	  1.4638E+02	  1.4190E+02	  1.4475E+02	  1.3721E+02	  1.2927E+02	  1.2119E+02	  1.0838E+02	  1.0912E+02	  1.0614E+02	  8.9928E+01	  7.5297E+01	  6.9619E+01	  6.8539E+01	  6.0626E+01	  4.9008E+01	  4.2358E+01	  4.1743E+01	  2.8449E+01	  2.3165E+01	  2.2224E+01	  1.7044E+01	  8.5563E+00	  2.7577E+00	  1.0180E+00	  0.0000E+00	  0.0000E+00	  0.0000E+00	  0.0000E+00	  0.0000E+00	  0.0000E+00	  0.0000E+00	  0.0000E+00	  0.0000E+00	  0.0000E+00
  0.0000E+00	  0.0000E+00	  0.0000E+00	  0.0000E+00	  0.0000E+00	  0.0000E+00	  0.0000E+00	  0.0000E+00	  0.0000E+00	  5.5634E-01	  3.3344E+00	  9.3435E+00	  1.2343E+01	  2.1006E+01	  2.5889E+01	  3.8620E+01	  3.7940E+01	  4.2189E+01	  4.9238E+01	  5.6353E+01	  6.6560E+01	  6.7914E+01	  7.2697E+01	  7.9832E+01	  8.1655E+01	  9.0361E+01	  9.9319E+01	  1.1168E+02	  1.1999E+02	  1.3372E+02	  1.4116E+02	  1.2686E+02	  1.3429E+02	  1.4285E+02	  1.4764E+02	  1.4790E+02	  1.4367E+02	  1.3518E+02	  1.3373E+02	  1.5000E+02	  1.5496E+02	  1.5448E+02	  1.5061E+02	  1.5248E+02	  1.5388E+02	  1.6233E+02	  1.4942E+02	  1.4911E+02	  1.4347E+02	  1.4728E+02	  1.3844E+02	  1.2784E+02	  1.1034E+02	  1.0520E+02	  1.0498E+02	  8.9956E+01	  7.7584E+01	  6.6659E+01	  6.3253E+01	  5.6526E+01	  4.1832E+01	  4.0496E+01	  3.5161E+01	  2.5653E+01	  2.0590E+01	  1.4878E+01	  1.0927E+01	  5.4620E+00	  2.6565E+00	  8.7873E-01	  0.0000E+00	  0.0000E+00	  0.0000E+00	  0.0000E+00	  0.0000E+00	  0.0000E+00	  0.0000E+00	  0.0000E+00	  0.0000E+00	  0.0000E+00
  0.0000E+00	  0.0000E+00	  0.0000E+00	  0.0000E+00	  0.0000E+00	  0.0000E+00	  0.0000E+00	  0.0000E+00	  9.1490E-03	  9.9363E-01	  4.3862E+00	  6.2254E+00	  1.3431E+01	  2.1579E+01	  2.7458E+01	  3.6938E+01	  4.1025E+01	  4.0945E+01	  5.0422E+01	  5.3752E+01	  6.6545E+01	  7.0352E+01	  7.4922E+01	  7.6971E+01	  8.3880E+01	  9.2093E+01	  9.8527E+01	  1.0193E+02	  1.2032E+02	  1.3489E+02	  1.3925E+02	  1.3113E+02	  1.3261E+02	  1.3736E+02	  1.4288E+02	  1.4675E+02	  1.4977E+02	  1.4251E+02	  1.4545E+02	  1.4176E+02	  1.5862E+02	  1.5280E+02	  1.4789E+02	  1.4781E+02	  1.6114E+02	  1.5933E+02	  1.5221E+02	  1.4908E+02	  1.4330E+02	  1.3138E+02	  1.2514E+02	  1.1898E+02	  1.0181E+02	  9.4358E+01	  9.0234E+01	  7.5410E+01	  7.0577E+01	  6.1810E+01	  5.2122E+01	  5.2380E+01	  4.4373E+01	  3.9746E+01	  3.3567E+01	  2.3091E+01	  1.8286E+01	  2.0281E+01	  1.1510E+01	  5.4798E+00	  1.8319E+00	  4.7709E-01	  0.0000E+00	  0.0000E+00	  0.0000E+00	  0.0000E+00	  0.0000E+00	  0.0000E+00	  0.0000E+00	  0.0000E+00	  0.0000E+00	  0.0000E+00
  0.0000E+00	  0.0000E+00	  0.0000E+00	  0.0000E+00	  0.0000E+00	  0.0000E+00	  0.0000E+00	  0.0000E+00	  3.1845E-01	  2.7433E+00	  7.0914E+00	  1.0978E+01	  1.7166E+01	  2.3648E+01	  2.5758E+01	  3.1072E+01	  3.2200E+01	  3.4502E+01	  4.8134E+01	  5.3055E+01	  5.2496E+01	  6.6001E+01	  7.8861E+01	  7.9349E+01	  7.9262E+01	  8.8792E+01	  9.3894E+01	  1.0466E+02	  1.2095E+02	  1.1500E+02	  1.2442E+02	  1.2953E+02	  1.2269E+02	  1.4350E+02	  1.4768E+02	  1.3634E+02	  1.4366E+02	  1.3859E+02	  1.4349E+02	  1.3765E+02	  1.4594E+02	  1.4985E+02	  1.6102E+02	  1.3974E+02	  1.5318E+02	  1.5814E+02	  1.5397E+02	  1.5112E+02	  1.4339E+02	  1.3511E+02	  1.2282E+02	  1.0697E+02	  9.4916E+01	  9.0899E+01	  8.4998E+01	  7.0176E+01	  6.7309E+01	  6.0767E+01	  5.1677E+01	  4.8526E+01	  4.6869E+01	  3.8738E+01	  3.2814E+01	  2.5297E+01	  2.2883E+01	  1.8184E+01	  1.4065E+01	  3.1844E+00	  1.2684E-01	  5.7512E-03	  0.0000E+00	  0.0000E+00	  0.0000E+00	  0.0000E+00	  0.0000E+00	  0.0000E+00	  0.0000E+00	  0.0000E+00	  0.0000E+00	  0.0000E+00
  0.0000E+00	  0.0000E+00	  0.0000E+00	  0.0000E+00	  0.0000E+00	  0.0000E+00	  0.0000E+00	  0.0000E+00	  3.5404E-02	  2.6811E+00	  4.9078E+00	  1.1392E+01	  1.4403E+01	  1.8187E+01	  2.3488E+01	  2.8339E+01	  3.4318E+01	  3.8192E+01	  4.5990E+01	  4.6394E+01	  5.1854E+01	  5.8588E+01	  7.1811E+01	  7.8621E+01	  7.3214E+01	  8.3843E+01	  9.9150E+01	  1.0636E+02	  1.0620E+02	  1.1164E+02	  1.1227E+02	  1.2442E+02	  1.3067E+02	  1.4245E+02	  1.3129E+02	  1.3309E+02	  1.3301E+02	  1.4731E+02	  1.4692E+02	  1.4494E+02	  1.4000E+02	  1.4562E+02	  1.4967E+02	  1.4679E+02	  1.4006E+02	  1.4389E+02	  1.5565E+02	  1.4224E+02	  1.2284E+02	  1.2140E+02	  1.0307E+02	  1.0197E+02	  9.3911E+01	  8.6091E+01	  7.7719E+01	  7.1268E+01	  6.5208E+01	  5.2437E+01	  5.1463E+01	  4.4957E+01	  3.7521E+01	  3.6163E+01	  2.8642E+01	  2.0937E+01	  1.4454E+01	  1.0281E+01	  6.3557E+00	  9.0802E-01	  6.8921E-03	  0.0000E+00	  0.0000E+00	  0.0000E+00	  0.0000E+00	  0.0000E+00	  0.0000E+00	  0.0000E+00	  0.0000E+00	  0.0000E+00	  0.0000E+00	  0.0000E+00
  0.0000E+00	  0.0000E+00	  0.0000E+00	  0.0000E+00	  0.0000E+00	  0.0000E+00	  0.0000E+00	  0.0000E+00	  1.0690E-01	  2.4988E+00	  5.2516E+00	  1.0127E+01	  1.4256E+01	  2.0312E+01	  1.9409E+01	  3.0422E+01	  3.4360E+01	  3.4942E+01	  4.3176E+01	  4.6739E+01	  5.1833E+01	  5.6257E+01	  6.2697E+01	  6.9083E+01	  7.1685E+01	  8.3600E+01	  9.2015E+01	  9.6735E+01	  1.0436E+02	  1.0139E+02	  1.0095E+02	  1.1456E+02	  1.2351E+02	  1.3579E+02	  1.2708E+02	  1.4289E+02	  1.3798E+02	  1.3481E+02	  1.4526E+02	  1.3664E+02	  1.3420E+02	  1.4677E+02	  1.3831E+02	  1.3971E+02	  1.2962E+02	  1.3600E+02	  1.4488E+02	  1.3911E+02	  1.0944E+02	  1.0694E+02	  9.3660E+01	  9.4563E+01	  8.8668E+01	  7.3768E+01	  6.9648E+01	  6.1543E+01	  5.7965E+01	  4.8087E+01	  4.8351E+01	  4.4563E+01	  3.9971E+01	  3.1345E+01	  2.1218E+01	  1.7814E+01	  1.4046E+01	  5.2619E+00	  1.1405E+00	  2.2729E-02	  0.0000E+00	  0.0000E+00	  0.0000E+00	  0.0000E+00	  0.0000E+00	  0.0000E+00	  0.0000E+00	  0.0000E+00	  0.0000E+00	  0.0000E+00	  0.0000E+00	  0.0000E+00
  0.0000E+00	  0.0000E+00	  0.0000E+00	  0.0000E+00	  0.0000E+00	  0.0000E+00	  0.0000E+00	  0.0000E+00	  9.8715E-02	  1.3141E+00	  3.6465E+00	  1.1581E+01	  1.7379E+01	  1.6625E+01	  1.9984E+01	  2.9577E+01	  3.4751E+01	  3.9090E+01	  4.3807E+01	  5.1445E+01	  5.2561E+01	  5.8296E+01	  6.2375E+01	  7.5152E+01	  7.8165E+01	  8.3826E+01	  8.5878E+01	  9.1389E+01	  1.0055E+02	  1.0079E+02	  9.8590E+01	  9.7747E+01	  1.0872E+02	  1.1975E+02	  1.2303E+02	  1.3256E+02	  1.3198E+02	  1.2666E+02	  1.3153E+02	  1.2200E+02	  1.2634E+02	  1.3168E+02	  1.3471E+02	  1.3669E+02	  1.2181E+02	  1.2370E+02	  1.1844E+02	  1.1330E+02	  9.3350E+01	  9.3411E+01	  8.7445E+01	  8.4192E+01	  7.0234E+01	  6.6875E+01	  5.8532E+01	  5.0259E+01	  5.3478E+01	  4.2853E+01	  4.0860E+01	  3.6234E+01	  3.8165E+01	  2.9716E+01	  1.8923E+01	  1.6100E+01	  9.2939E+00	  2.2806E+00	  3.0290E-02	  0.0000E+00	  0.0000E+00	  0.0000E+00	  0.0000E+00	  0.0000E+00	  0.0000E+00	  0.0000E+00	  0.0000E+00	  0.0000E+00	  0.0000E+00	  0.0000E+00	  0.0000E+00	  0.0000E+00
  0.0000E+00	  0.0000E+00	  0.0000E+00	  0.0000E+00	  0.0000E+00	  0.0000E+00	  0.0000E+00	  0.0000E+00	  9.1533E-03	  1.5024E+00	  2.6082E+00	  5.4974E+00	  1.0699E+01	  1.6180E+01	  1.7950E+01	  2.4266E+01	  2.9466E+01	  3.2226E+01	  4.0690E+01	  4.7828E+01	  5.0248E+01	  4.7292E+01	  5.6734E+01	  6.2436E+01	  6.8623E+01	  7.5989E+01	  7.7406E+01	  9.4729E+01	  9.5264E+01	  9.4774E+01	  9.9464E+01	  9.8063E+01	  9.3129E+01	  1.0505E+02	  1.1418E+02	  1.1462E+02	  1.1905E+02	  1.2517E+02	  1.2425E+02	  1.1812E+02	  1.2859E+02	  1.3322E+02	  1.2177E+02	  1.1630E+02	  1.1619E+02	  1.0697E+02	  1.0185E+02	  9.3256E+01	  8.8759E+01	  8.3691E+01	  7.7663E+01	  7.0272E+01	  6.6275E+01	  6.2991E+01	  5.6856E+01	  4.6395E+01	  4.8332E+01	  4.5304E+01	  3.5413E+01	  3.4826E+01	  2.9342E+01	  2.0509E+01	  1.3814E+01	  1.0083E+01	  4.2646E+00	  1.1744E-01	  0.0000E+00	  0.0000E+00	  0.0000E+00	  0.0000E+00	  0.0000E+00	  0.0000E+00	  0.0000E+00	  0.0000E+00	  0.0000E+00	  0.0000E+00	  0.0000E+00	  0.0000E+00	  0.0000E+00	  0.0000E+00
  0.0000E+00	  0.0000E+00	  0.0000E+00	  0.0000E+00	  0.0000E+00	  0.0000E+00	  0.0000E+00	  0.0000E+00	  0.0000E+00	  4.4355E-01	  3.1597E+00	  4.9408E+00	  7.8951E+00	  1.1748E+01	  1.4427E+01	  2.0499E+01	  2.7844E+01	  3.0349E+01	  3.2936E+01	  4.0287E+01	  4.5335E+01	  5.3081E+01	  5.6949E+01	  6.7435E+01	  6.5511E+01	  7.1203E+01	  6.8949E+01	  8.0518E+01	  8.2832E+01	  9.0141E+01	  9.7991E+01	  9.6669E+01	  9.8067E+01	  9.9072E+01	  1.0688E+02	  1.1393E+02	  1.1000E+02	  1.1028E+02	  1.0319E+02	  1.0803E+02	  1.1550E+02	  1.1364E+02	  1.1529E+02	  1.0105E+02	  1.1191E+02	  1.0033E+02	  8.8135E+01	  8.4207E+01	  7.5393E+01	  6.9741E+01	  7.3658E+01	  6.7621E+01	  5.5816E+01	  6.0459E+01	  4.9571E+01	  4.3973E+01	  3.8205E+01	  4.1604E+01	  3.0646E+01	  2.8411E+01	  2.2422E+01	  1.6853E+01	  1.1189E+01	  5.2842E+00	  7.4503E-01	  0.0000E+00	  0.0000E+00	  0.0000E+00	  0.0000E+00	  0.0000E+00	  0.0000E+00	  0.0000E+00	  0.0000E+00	  0.0000E+00	  0.0000E+00	  0.0000E+00	  0.0000E+00	  0.0000E+00	  0.0000E+00	  0.0000E+00
  0.0000E+00	  0.0000E+00	  0.0000E+00	  0.0000E+00	  0.0000E+00	  0.0000E+00	  0.0000E+00	  0.0000E+00	  0.0000E+00	  2.9908E-01	  7.0506E-01	  2.0127E+00	  5.7065E+00	  8.0033E+00	  1.4021E+01	  1.1499E+01	  2.0144E+01	  2.3373E+01	  3.0090E+01	  3.4543E+01	  4.1131E+01	  4.2892E+01	  5.2118E+01	  5.9430E+01	  5.6462E+01	  6.2582E+01	  6.4440E+01	  7.8025E+01	  8.2439E+01	  7.4443E+01	  8.3421E+01	  8.9498E+01	  8.9080E+01	  9.8069E+01	  9.7554E+01	  9.4675E+01	  1.1199E+02	  1.0463E+02	  9.7777E+01	  1.0220E+02	  1.0258E+02	  9.7068E+01	  9.6620E+01	  9.2898E+01	  9.2600E+01	  8.8723E+01	  7.8764E+01	  7.6900E+01	  7.4630E+01	  6.3819E+01	  6.1273E+01	  5.7991E+01	  5.7719E+01	  4.7213E+01	  4.2744E+01	  3.8395E+01	  3.4273E+01	  2.8521E+01	  2.4680E+01	  2.0802E+01	  1.6213E+01	  9.3597E+00	  3.0168E+00	  4.9736E-01	  3.9988E-03	  0.0000E+00	  0.0000E+00	  0.0000E+00	  0.0000E+00	  0.0000E+00	  0.0000E+00	  0.0000E+00	  0.0000E+00	  0.0000E+00	  0.0000E+00	  0.0000E+00	  0.0000E+00	  0.0000E+00	  0.0000E+00	  0.0000E+00
  0.0000E+00	  0.0000E+00	  0.0000E+00	  0.0000E+00	  0.0000E+00	  0.0000E+00	  0.0000E+00	  0.0000E+00	  0.0000E+00	  0.0000E+00	  7.1643E-02	  1.2502E+00	  3.5707E+00	  6.0922E+00	  1.1423E+01	  1.3434E+01	  1.6832E+01	  1.7265E+01	  2.3700E+01	  2.9072E+01	  3.4798E+01	  4.0105E+01	  4.5262E+01	  5.1449E+01	  5.6502E+01	  5.9362E+01	  5.7558E+01	  6.6109E+01	  7.0533E+01	  7.3824E+01	  7.0025E+01	  7.7588E+01	  8.4696E+01	  8.6438E+01	  9.0165E+01	  8.6384E+01	  9.6216E+01	  9.0758E+01	  8.8681E+01	  9.4970E+01	  1.0073E+02	  8.8027E+01	  8.9060E+01	  8.0880E+01	  7.8363E+01	  7.3445E+01	  7.1120E+01	  6.4392E+01	  6.0167E+01	  5.8380E+01	  5.4646E+01	  5.8186E+01	  4.7997E+01	  4.0982E+01	  3.4073E+01	  2.9124E+01	  2.3873E+01	  2.2541E+01	  2.1771E+01	  1.5032E+01	  8.4067E+00	  3.1313E+00	  1.8707E-01	  0.0000E+00	  0.0000E+00	  0.0000E+00	  0.0000E+00	  0.0000E+00	  0.0000E+00	  0.0000E+00	  0.0000E+00	  0.0000E+00	  0.0000E+00	  0.0000E+00	  0.0000E+00	  0.0000E+00	  0.0000E+00	  0.0000E+00	  0.0000E+00	  0.0000E+00
  0.0000E+00	  0.0000E+00	  0.0000E+00	  0.0000E+00	  0.0000E+00	  0.0000E+00	  0.0000E+00	  0.0000E+00	  0.0000E+00	  0.0000E+00	  3.9594E-03	  2.3246E-01	  2.1227E+00	  4.6160E+00	  8.4716E+00	  1.0886E+01	  1.3747E+01	  1.8781E+01	  2.4396E+01	  2.7493E+01	  2.9954E+01	  3.1672E+01	  3.4628E+01	  4.0648E+01	  4.5906E+01	  5.0897E+01	  5.5941E+01	  5.9981E+01	  6.3762E+01	  6.0712E+01	  7.1220E+01	  6.6519E+01	  7.0236E+01	  7.0093E+01	  7.1938E+01	  7.5808E+01	  7.7333E+01	  7.1680E+01	  7.8041E+01	  7.8953E+01	  7.7982E+01	  6.9940E+01	  7.3618E+01	  6.3777E+01	  6.3690E+01	  5.8896E+01	  5.3606E+01	  5.0379E+01	  5.5252E+01	  5.1918E+01	  4.7489E+01	  4.4046E+01	  3.6435E+01	  3.8885E+01	  3.0419E+01	  3.0851E+01	  2.2721E+01	  1.7626E+01	  1.4335E+01	  8.2545E+00	  2.6437E+00	  6.5102E-02	  0.0000E+00	  0.0000E+00	  0.0000E+00	  0.0000E+00	  0.0000E+00	  0.0000E+00	  0.0000E+00	  0.0000E+00	  0.0000E+00	  0.0000E+00	  0.0000E+00	  0.0000E+00	  0.0000E+00	  0.0000E+00	  0.0000E+00	  0.0000E+00	  0.0000E+00	  0.0000E+00
  0.0000E+00	  0.0000E+00	  0.0000E+00	  0.0000E+00	  0.0000E+00	  0.0000E+00	  0.0000E+00	  0.0000E+00	  0.0000E+00	  0.0000E+00	  0.0000E+00	  0.0000E+00	  1.6840E-02	  1.4040E+00	  2.1159E+00	  5.1330E+00	  1.0805E+01	  1.3567E+01	  1.7719E+01	  2.3853E+01	  2.4299E+01	  2.3266E+01	  2.8835E+01	  3.6906E+01	  3.6632E+01	  4.5045E+01	  4.7516E+01	  5.1797E+01	  5.6644E+01	  5.4214E+01	  5.6862E+01	  5.6920E+01	  6.0150E+01	  5.8046E+01	  6.4979E+01	  6.8132E+01	  6.1835E+01	  7.1118E+01	  6.6570E+01	  6.0390E+01	  5.9470E+01	  5.7619E+01	  5.2485E+01	  5.8778E+01	  5.0496E+01	  5.1538E+01	  4.4033E+01	  4.2109E+01	  4.8372E+01	  4.4284E+01	  3.8614E+01	  3.2175E+01	  3.1336E+01	  2.5806E+01	  1.8665E+01	  2.2387E+01	  1.6798E+01	  1.2092E+01	  6.6459E+00	  1.4966E+00	  1.3685E-02	  0.0000E+00	  0.0000E+00	  0.0000E+00	  0.0000E+00	  0.0000E+00	  0.0000E+00	  0.0000E+00	  0.0000E+00	  0.0000E+00	  0.0000E+00	  0.0000E+00	  0.0000E+00	  0.0000E+00	  0.0000E+00	  0.0000E+00	  0.0000E+00	  0.0000E+00	  0.0000E+00	  0.0000E+00
  0.0000E+00	  0.0000E+00	  0.0000E+00	  0.0000E+00	  0.0000E+00	  0.0000E+00	  0.0000E+00	  0.0000E+00	  0.0000E+00	  0.0000E+00	  0.0000E+00	  0.0000E+00	  2.8104E-03	  4.2228E-01	  4.8351E-01	  3.0595E+00	  5.5103E+00	  7.7918E+00	  9.0436E+00	  1.5332E+01	  2.3170E+01	  1.9060E+01	  2.4683E+01	  2.5768E+01	  3.1107E+01	  3.4047E+01	  3.7775E+01	  4.0144E+01	  4.4291E+01	  4.5390E+01	  4.8243E+01	  4.5772E+01	  5.2900E+01	  4.9200E+01	  5.6282E+01	  5.3298E+01	  5.1429E+01	  5.3805E+01	  5.2246E+01	  4.3848E+01	  4.9632E+01	  4.7173E+01	  4.6531E+01	  4.1744E+01	  3.9965E+01	  3.9452E+01	  3.6053E+01	  3.5708E+01	  3.4687E+01	  3.1458E+01	  2.6186E+01	  2.6127E+01	  2.3546E+01	  1.7584E+01	  1.5780E+01	  1.2587E+01	  7.8847E+00	  7.1624E+00	  2.2917E+00	  4.8168E-02	  0.0000E+00	  0.0000E+00	  0.0000E+00	  0.0000E+00	  0.0000E+00	  0.0000E+00	  0.0000E+00	  0.0000E+00	  0.0000E+00	  0.0000E+00	  0.0000E+00	  0.0000E+00	  0.0000E+00	  0.0000E+00	  0.0000E+00	  0.0000E+00	  0.0000E+00	  0.0000E+00	  0.0000E+00	  0.0000E+00
  0.0000E+00	  0.0000E+00	  0.0000E+00	  0.0000E+00	  0.0000E+00	  0.0000E+00	  0.0000E+00	  0.0000E+00	  0.0000E+00	  0.0000E+00	  0.0000E+00	  0.0000E+00	  0.0000E+00	  0.0000E+00	  0.0000E+00	  8.6911E-01	  1.9529E+00	  3.8419E+00	  5.6776E+00	  9.8826E+00	  1.2295E+01	  1.4405E+01	  1.7731E+01	  2.1083E+01	  2.3921E+01	  2.6217E+01	  2.8641E+01	  2.9990E+01	  3.3830E+01	  2.8911E+01	  3.4414E+01	  3.7016E+01	  4.5786E+01	  4.1010E+01	  4.3827E+01	  4.4416E+01	  4.2853E+01	  4.0908E+01	  3.8080E+01	  3.7940E+01	  3.8144E+01	  3.1762E+01	  3.4278E+01	  3.6255E+01	  3.7241E+01	  2.8242E+01	  3.0287E+01	  2.5471E+01	  2.2834E+01	  2.0048E+01	  2.0136E+01	  1.7883E+01	  1.6149E+01	  1.3546E+01	  9.4535E+00	  7.1620E+00	  2.2713E+00	  1.4860E+00	  8.8602E-02	  0.0000E+00	  0.0000E+00	  0.0000E+00	  0.0000E+00	  0.0000E+00	  0.0000E+00	  0.0000E+00	  0.0000E+00	  0.0000E+00	  0.0000E+00	  0.0000E+00	  0.0000E+00	  0.0000E+00	  0.0000E+00	  0.0000E+00	  0.0000E+00	  0.0000E+00	  0.0000E+00	  0.0000E+00	  0.0000E+00	  0.0000E+00
  0.0000E+00	  0.0000E+00	  0.0000E+00	  0.0000E+00	  0.0000E+00	  0.0000E+00	  0.0000E+00	  0.0000E+00	  0.0000E+00	  0.0000E+00	  0.0000E+00	  0.0000E+00	  0.0000E+00	  0.0000E+00	  0.0000E+00	  3.0770E-02	  2.7744E-02	  1.4869E-01	  1.2736E+00	  3.9983E+00	  5.8581E+00	  7.9375E+00	  1.2161E+01	  1.6523E+01	  1.7002E+01	  1.7222E+01	  1.9485E+01	  2.0129E+01	  2.6051E+01	  2.5494E+01	  2.6748E+01	  3.4581E+01	  3.1873E+01	  2.7958E+01	  2.9090E+01	  2.7566E+01	  2.8376E+01	  3.1161E+01	  3.1995E+01	  3.4843E+01	  3.2308E+01	  2.5395E+01	  2.6376E+01	  2.7193E+01	  2.6059E+01	  2.2279E+01	  2.2046E+01	  1.9052E+01	  1.5410E+01	  1.4872E+01	  1.3907E+01	  1.0148E+01	  1.4848E+01	  8.2891E+00	  3.7033E+00	  1.8900E+00	  1.0851E-01	  0.0000E+00	  0.0000E+00	  0.0000E+00	  0.0000E+00	  0.0000E+00	  0.0000E+00	  0.0000E+00	  0.0000E+00	  0.0000E+00	  0.0000E+00	  0.0000E+00	  0.0000E+00	  0.0000E+00	  0.0000E+00	  0.0000E+00	  0.0000E+00	  0.0000E+00	  0.0000E+00	  0.0000E+00	  0.0000E+00	  0.0000E+00	  0.0000E+00	  0.0000E+00
  0.0000E+00	  0.0000E+00	  0.0000E+00	  0.0000E+00	  0.0000E+00	  0.0000E+00	  0.0000E+00	  0.0000E+00	  0.0000E+00	  0.0000E+00	  0.0000E+00	  0.0000E+00	  0.0000E+00	  0.0000E+00	  0.0000E+00	  0.0000E+00	  0.0000E+00	  0.0000E+00	  2.4977E-01	  5.0763E-01	  2.2100E+00	  5.6285E+00	  5.7009E+00	  8.9633E+00	  1.3567E+01	  1.1036E+01	  1.2180E+01	  1.3234E+01	  1.4458E+01	  1.7222E+01	  1.7117E+01	  2.0525E+01	  2.0856E+01	  2.1605E+01	  2.2356E+01	  2.2507E+01	  2.2471E+01	  1.9890E+01	  2.2147E+01	  2.2702E+01	  2.1113E+01	  1.9957E+01	  1.8662E+01	  1.9905E+01	  1.8881E+01	  1.8613E+01	  1.6265E+01	  1.7107E+01	  1.3209E+01	  1.1512E+01	  8.8814E+00	  4.0761E+00	  7.1076E+00	  1.3301E+00	  4.9525E-01	  0.0000E+00	  0.0000E+00	  0.0000E+00	  0.0000E+00	  0.0000E+00	  0.0000E+00	  0.0000E+00	  0.0000E+00	  0.0000E+00	  0.0000E+00	  0.0000E+00	  0.0000E+00	  0.0000E+00	  0.0000E+00	  0.0000E+00	  0.0000E+00	  0.0000E+00	  0.0000E+00	  0.0000E+00	  0.0000E+00	  0.0000E+00	  0.0000E+00	  0.0000E+00	  0.0000E+00	  0.0000E+00
  0.0000E+00	  0.0000E+00	  0.0000E+00	  0.0000E+00	  0.0000E+00	  0.0000E+00	  0.0000E+00	  0.0000E+00	  0.0000E+00	  0.0000E+00	  0.0000E+00	  0.0000E+00	  0.0000E+00	  0.0000E+00	  0.0000E+00	  0.0000E+00	  0.0000E+00	  0.0000E+00	  0.0000E+00	  0.0000E+00	  2.7805E-01	  7.9763E-01	  1.9064E+00	  2.5222E+00	  5.1236E+00	  7.6788E+00	  8.0806E+00	  1.1477E+01	  8.9726E+00	  1.0434E+01	  1.1049E+01	  1.2373E+01	  1.6096E+01	  1.4832E+01	  1.4623E+01	  1.4509E+01	  1.3773E+01	  1.4165E+01	  1.6320E+01	  1.5161E+01	  1.3754E+01	  1.3027E+01	  1.3760E+01	  1.1035E+01	  1.0593E+01	  1.1514E+01	  1.1899E+01	  9.1778E+00	  6.4984E+00	  4.6676E+00	  5.1163E+00	  3.5995E+00	  1.9768E+00	  1.9715E-01	  0.0000E+00	  0.0000E+00	  0.0000E+00	  0.0000E+00	  0.0000E+00	  0.0000E+00	  0.0000E+00	  0.0000E+00	  0.0000E+00	  0.0000E+00	  0.0000E+00	  0.0000E+00	  0.0000E+00	  0.0000E+00	  0.0000E+00	  0.0000E+00	  0.0000E+00	  0.0000E+00	  0.0000E+00	  0.0000E+00	  0.0000E+00	  0.0000E+00	  0.0000E+00	  0.0000E+00	  0.0000E+00	  0.0000E+00
  0.0000E+00	  0.0000E+00	  0.0000E+00	  0.0000E+00	  0.0000E+00	  0.0000E+00	  0.0000E+00	  0.0000E+00	  0.0000E+00	  0.0000E+00	  0.0000E+00	  0.0000E+00	  0.0000E+00	  0.0000E+00	  0.0000E+00	  0.0000E+00	  0.0000E+00	  0.0000E+00	  0.0000E+00	  0.0000E+00	  0.0000E+00	  2.7699E-02	  2.7893E-01	  3.6766E-01	  1.2180E+00	  2.4637E+00	  4.8837E+00	  5.0233E+00	  3.9004E+00	  4.8808E+00	  6.5100E+00	  8.3132E+00	  9.8778E+00	  6.7964E+00	  7.7071E+00	  1.0863E+01	  8.4050E+00	  1.0435E+01	  8.2690E+00	  1.0452E+01	  9.8781E+00	  8.1258E+00	  8.4361E+00	  5.2941E+00	  6.9028E+00	  5.8277E+00	  6.0177E+00	  3.1137E+00	  3.4590E+00	  1.4598E+00	  8.4949E-01	  3.7271E-01	  3.7484E-02	  0.0000E+00	  0.0000E+00	  0.0000E+00	  0.0000E+00	  0.0000E+00	  0.0000E+00	  0.0000E+00	  0.0000E+00	  0.0000E+00	  0.0000E+00	  0.0000E+00	  0.0000E+00	  0.0000E+00	  0.0000E+00	  0.0000E+00	  0.0000E+00	  0.0000E+00	  0.0000E+00	  0.0000E+00	  0.0000E+00	  0.0000E+00	  0.0000E+00	  0.0000E+00	  0.0000E+00	  0.0000E+00	  0.0000E+00	  0.0000E+00
  0.0000E+00	  0.0000E+00	  0.0000E+00	  0.0000E+00	  0.0000E+00	  0.0000E+00	  0.0000E+00	  0.0000E+00	  0.0000E+00	  0.0000E+00	  0.0000E+00	  0.0000E+00	  0.0000E+00	  0.0000E+00	  0.0000E+00	  0.0000E+00	  0.0000E+00	  0.0000E+00	  0.0000E+00	  0.0000E+00	  0.0000E+00	  0.0000E+00	  0.0000E+00	  0.0000E+00	  2.4141E-02	  1.2056E+00	  1.0313E+00	  1.0913E+00	  1.7541E+00	  2.8554E+00	  3.6283E+00	  4.7313E+00	  4.4919E+00	  4.4750E+00	  7.6976E+00	  5.1326E+00	  5.0469E+00	  4.9647E+00	  6.1082E+00	  5.4064E+00	  4.1217E+00	  4.3320E+00	  4.2479E+00	  2.1799E+00	  2.4309E+00	  2.6214E+00	  1.6847E+00	  1.1162E+00	  6.3536E-01	  2.1285E-01	  0.0000E+00	  0.0000E+00	  0.0000E+00	  0.0000E+00	  0.0000E+00	  0.0000E+00	  0.0000E+00	  0.0000E+00	  0.0000E+00	  0.0000E+00	  0.0000E+00	  0.0000E+00	  0.0000E+00	  0.0000E+00	  0.0000E+00	  0.0000E+00	  0.0000E+00	  0.0000E+00	  0.0000E+00	  0.0000E+00	  0.0000E+00	  0.0000E+00	  0.0000E+00	  0.0000E+00	  0.0000E+00	  0.0000E+00	  0.0000E+00	  0.0000E+00	  0.0000E+00	  0.0000E+00
  0.0000E+00	  0.0000E+00	  0.0000E+00	  0.0000E+00	  0.0000E+00	  0.0000E+00	  0.0000E+00	  0.0000E+00	  0.0000E+00	  0.0000E+00	  0.0000E+00	  0.0000E+00	  0.0000E+00	  0.0000E+00	  0.0000E+00	  0.0000E+00	  0.0000E+00	  0.0000E+00	  0.0000E+00	  0.0000E+00	  0.0000E+00	  0.0000E+00	  0.0000E+00	  0.0000E+00	  0.0000E+00	  0.0000E+00	  0.0000E+00	  0.0000E+00	  0.0000E+00	  3.2403E-01	  1.2360E+00	  4.9929E-01	  8.1618E-01	  1.5947E+00	  3.2306E+00	  2.1852E+00	  1.6239E+00	  1.7017E+00	  1.9087E+00	  1.1736E+00	  1.9361E+00	  1.5144E+00	  1.0730E+00	  1.6412E+00	  5.6900E-01	  2.4399E-01	  3.2627E-01	  9.4789E-02	  0.0000E+00	  0.0000E+00	  0.0000E+00	  0.0000E+00	  0.0000E+00	  0.0000E+00	  0.0000E+00	  0.0000E+00	  0.0000E+00	  0.0000E+00	  0.0000E+00	  0.0000E+00	  0.0000E+00	  0.0000E+00	  0.0000E+00	  0.0000E+00	  0.0000E+00	  0.0000E+00	  0.0000E+00	  0.0000E+00	  0.0000E+00	  0.0000E+00	  0.0000E+00	  0.0000E+00	  0.0000E+00	  0.0000E+00	  0.0000E+00	  0.0000E+00	  0.0000E+00	  0.0000E+00	  0.0000E+00	  0.0000E+00
  0.0000E+00	  0.0000E+00	  0.0000E+00	  0.0000E+00	  0.0000E+00	  0.0000E+00	  0.0000E+00	  0.0000E+00	  0.0000E+00	  0.0000E+00	  0.0000E+00	  0.0000E+00	  0.0000E+00	  0.0000E+00	  0.0000E+00	  0.0000E+00	  0.0000E+00	  0.0000E+00	  0.0000E+00	  0.0000E+00	  0.0000E+00	  0.0000E+00	  0.0000E+00	  0.0000E+00	  0.0000E+00	  0.0000E+00	  0.0000E+00	  0.0000E+00	  0.0000E+00	  0.0000E+00	  0.0000E+00	  0.0000E+00	  2.5892E-02	  9.9501E-02	  4.1384E-01	  7.4850E-02	  3.2268E-01	  1.8549E-01	  4.5481E-01	  9.1833E-03	  1.5941E-01	  1.4433E-01	  3.3617E-02	  8.5428E-03	  0.0000E+00	  0.0000E+00	  0.0000E+00	  0.0000E+00	  0.0000E+00	  0.0000E+00	  0.0000E+00	  0.0000E+00	  0.0000E+00	  0.0000E+00	  0.0000E+00	  0.0000E+00	  0.0000E+00	  0.0000E+00	  0.0000E+00	  0.0000E+00	  0.0000E+00	  0.0000E+00	  0.0000E+00	  0.0000E+00	  0.0000E+00	  0.0000E+00	  0.0000E+00	  0.0000E+00	  0.0000E+00	  0.0000E+00	  0.0000E+00	  0.0000E+00	  0.0000E+00	  0.0000E+00	  0.0000E+00	  0.0000E+00	  0.0000E+00	  0.0000E+00	  0.0000E+00	  0.0000E+00
  0.0000E+00	  0.0000E+00	  0.0000E+00	  0.0000E+00	  0.0000E+00	  0.0000E+00	  0.0000E+00	  0.0000E+00	  0.0000E+00	  0.0000E+00	  0.0000E+00	  0.0000E+00	  0.0000E+00	  0.0000E+00	  0.0000E+00	  0.0000E+00	  0.0000E+00	  0.0000E+00	  0.0000E+00	  0.0000E+00	  0.0000E+00	  0.0000E+00	  0.0000E+00	  0.0000E+00	  0.0000E+00	  0.0000E+00	  0.0000E+00	  0.0000E+00	  0.0000E+00	  0.0000E+00	  0.0000E+00	  0.0000E+00	  0.0000E+00	  0.0000E+00	  0.0000E+00	  0.0000E+00	  0.0000E+00	  0.0000E+00	  0.0000E+00	  0.0000E+00	  0.0000E+00	  0.0000E+00	  0.0000E+00	  0.0000E+00	  0.0000E+00	  0.0000E+00	  0.0000E+00	  0.0000E+00	  0.0000E+00	  0.0000E+00	  0.0000E+00	  0.0000E+00	  0.0000E+00	  0.0000E+00	  0.0000E+00	  0.0000E+00	  0.0000E+00	  0.0000E+00	  0.0000E+00	  0.0000E+00	  0.0000E+00	  0.0000E+00	  0.0000E+00	  0.0000E+00	  0.0000E+00	  0.0000E+00	  0.0000E+00	  0.0000E+00	  0.0000E+00	  0.0000E+00	  0.0000E+00	  0.0000E+00	  0.0000E+00	  0.0000E+00	  0.0000E+00	  0.0000E+00	  0.0000E+00	  0.0000E+00	  0.0000E+00	  0.0000E+00
  0.0000E+00	  0.0000E+00	  0.0000E+00	  0.0000E+00	  0.0000E+00	  0.0000E+00	  0.0000E+00	  0.0000E+00	  0.0000E+00	  0.0000E+00	  0.0000E+00	  0.0000E+00	  0.0000E+00	  0.0000E+00	  0.0000E+00	  0.0000E+00	  0.0000E+00	  0.0000E+00	  0.0000E+00	  0.0000E+00	  0.0000E+00	  0.0000E+00	  0.0000E+00	  0.0000E+00	  0.0000E+00	  0.0000E+00	  0.0000E+00	  0.0000E+00	  0.0000E+00	  0.0000E+00	  0.0000E+00	  0.0000E+00	  0.0000E+00	  0.0000E+00	  0.0000E+00	  0.0000E+00	  0.0000E+00	  0.0000E+00	  0.0000E+00	  0.0000E+00	  0.0000E+00	  0.0000E+00	  0.0000E+00	  0.0000E+00	  0.0000E+00	  0.0000E+00	  0.0000E+00	  0.0000E+00	  0.0000E+00	  0.0000E+00	  0.0000E+00	  0.0000E+00	  0.0000E+00	  0.0000E+00	  0.0000E+00	  0.0000E+00	  0.0000E+00	  0.0000E+00	  0.0000E+00	  0.0000E+00	  0.0000E+00	  0.0000E+00	  0.0000E+00	  0.0000E+00	  0.0000E+00	  0.0000E+00	  0.0000E+00	  0.0000E+00	  0.0000E+00	  0.0000E+00	  0.0000E+00	  0.0000E+00	  0.0000E+00	  0.0000E+00	  0.0000E+00	  0.0000E+00	  0.0000E+00	  0.0000E+00	  0.0000E+00	  0.0000E+00
  0.0000E+00	  0.0000E+00	  0.0000E+00	  0.0000E+00	  0.0000E+00	  0.0000E+00	  0.0000E+00	  0.0000E+00	  0.0000E+00	  0.0000E+00	  0.0000E+00	  0.0000E+00	  0.0000E+00	  0.0000E+00	  0.0000E+00	  0.0000E+00	  0.0000E+00	  0.0000E+00	  0.0000E+00	  0.0000E+00	  0.0000E+00	  0.0000E+00	  0.0000E+00	  0.0000E+00	  0.0000E+00	  0.0000E+00	  0.0000E+00	  0.0000E+00	  0.0000E+00	  0.0000E+00	  0.0000E+00	  0.0000E+00	  0.0000E+00	  0.0000E+00	  0.0000E+00	  0.0000E+00	  0.0000E+00	  0.0000E+00	  0.0000E+00	  0.0000E+00	  0.0000E+00	  0.0000E+00	  0.0000E+00	  0.0000E+00	  0.0000E+00	  0.0000E+00	  0.0000E+00	  0.0000E+00	  0.0000E+00	  0.0000E+00	  0.0000E+00	  0.0000E+00	  0.0000E+00	  0.0000E+00	  0.0000E+00	  0.0000E+00	  0.0000E+00	  0.0000E+00	  0.0000E+00	  0.0000E+00	  0.0000E+00	  0.0000E+00	  0.0000E+00	  0.0000E+00	  0.0000E+00	  0.0000E+00	  0.0000E+00	  0.0000E+00	  0.0000E+00	  0.0000E+00	  0.0000E+00	  0.0000E+00	  0.0000E+00	  0.0000E+00	  0.0000E+00	  0.0000E+00	  0.0000E+00	  0.0000E+00	  0.0000E+00	  0.0000E+00
  0.0000E+00	  0.0000E+00	  0.0000E+00	  0.0000E+00	  0.0000E+00	  0.0000E+00	  0.0000E+00	  0.0000E+00	  0.0000E+00	  0.0000E+00	  0.0000E+00	  0.0000E+00	  0.0000E+00	  0.0000E+00	  0.0000E+00	  0.0000E+00	  0.0000E+00	  0.0000E+00	  0.0000E+00	  0.0000E+00	  0.0000E+00	  0.0000E+00	  0.0000E+00	  0.0000E+00	  0.0000E+00	  0.0000E+00	  0.0000E+00	  0.0000E+00	  0.0000E+00	  0.0000E+00	  0.0000E+00	  0.0000E+00	  0.0000E+00	  0.0000E+00	  0.0000E+00	  0.0000E+00	  0.0000E+00	  0.0000E+00	  0.0000E+00	  0.0000E+00	  0.0000E+00	  0.0000E+00	  0.0000E+00	  0.0000E+00	  0.0000E+00	  0.0000E+00	  0.0000E+00	  0.0000E+00	  0.0000E+00	  0.0000E+00	  0.0000E+00	  0.0000E+00	  0.0000E+00	  0.0000E+00	  0.0000E+00	  0.0000E+00	  0.0000E+00	  0.0000E+00	  0.0000E+00	  0.0000E+00	  0.0000E+00	  0.0000E+00	  0.0000E+00	  0.0000E+00	  0.0000E+00	  0.0000E+00	  0.0000E+00	  0.0000E+00	  0.0000E+00	  0.0000E+00	  0.0000E+00	  0.0000E+00	  0.0000E+00	  0.0000E+00	  0.0000E+00	  0.0000E+00	  0.0000E+00	  0.0000E+00	  0.0000E+00	  0.0000E+00
  0.0000E+00	  0.0000E+00	  0.0000E+00	  0.0000E+00	  0.0000E+00	  0.0000E+00	  0.0000E+00	  0.0000E+00	  0.0000E+00	  0.0000E+00	  0.0000E+00	  0.0000E+00	  0.0000E+00	  0.0000E+00	  0.0000E+00	  0.0000E+00	  0.0000E+00	  0.0000E+00	  0.0000E+00	  0.0000E+00	  0.0000E+00	  0.0000E+00	  0.0000E+00	  0.0000E+00	  0.0000E+00	  0.0000E+00	  0.0000E+00	  0.0000E+00	  0.0000E+00	  0.0000E+00	  0.0000E+00	  0.0000E+00	  0.0000E+00	  0.0000E+00	  0.0000E+00	  0.0000E+00	  0.0000E+00	  0.0000E+00	  0.0000E+00	  0.0000E+00	  0.0000E+00	  0.0000E+00	  0.0000E+00	  0.0000E+00	  0.0000E+00	  0.0000E+00	  0.0000E+00	  0.0000E+00	  0.0000E+00	  0.0000E+00	  0.0000E+00	  0.0000E+00	  0.0000E+00	  0.0000E+00	  0.0000E+00	  0.0000E+00	  0.0000E+00	  0.0000E+00	  0.0000E+00	  0.0000E+00	  0.0000E+00	  0.0000E+00	  0.0000E+00	  0.0000E+00	  0.0000E+00	  0.0000E+00	  0.0000E+00	  0.0000E+00	  0.0000E+00	  0.0000E+00	  0.0000E+00	  0.0000E+00	  0.0000E+00	  0.0000E+00	  0.0000E+00	  0.0000E+00	  0.0000E+00	  0.0000E+00	  0.0000E+00	  0.0000E+00
  0.0000E+00	  0.0000E+00	  0.0000E+00	  0.0000E+00	  0.0000E+00	  0.0000E+00	  0.0000E+00	  0.0000E+00	  0.0000E+00	  0.0000E+00	  0.0000E+00	  0.0000E+00	  0.0000E+00	  0.0000E+00	  0.0000E+00	  0.0000E+00	  0.0000E+00	  0.0000E+00	  0.0000E+00	  0.0000E+00	  0.0000E+00	  0.0000E+00	  0.0000E+00	  0.0000E+00	  0.0000E+00	  0.0000E+00	  0.0000E+00	  0.0000E+00	  0.0000E+00	  0.0000E+00	  0.0000E+00	  0.0000E+00	  0.0000E+00	  0.0000E+00	  0.0000E+00	  0.0000E+00	  0.0000E+00	  0.0000E+00	  0.0000E+00	  0.0000E+00	  0.0000E+00	  0.0000E+00	  0.0000E+00	  0.0000E+00	  0.0000E+00	  0.0000E+00	  0.0000E+00	  0.0000E+00	  0.0000E+00	  0.0000E+00	  0.0000E+00	  0.0000E+00	  0.0000E+00	  0.0000E+00	  0.0000E+00	  0.0000E+00	  0.0000E+00	  0.0000E+00	  0.0000E+00	  0.0000E+00	  0.0000E+00	  0.0000E+00	  0.0000E+00	  0.0000E+00	  0.0000E+00	  0.0000E+00	  0.0000E+00	  0.0000E+00	  0.0000E+00	  0.0000E+00	  0.0000E+00	  0.0000E+00	  0.0000E+00	  0.0000E+00	  0.0000E+00	  0.0000E+00	  0.0000E+00	  0.0000E+00	  0.0000E+00	  0.0000E+00
  0.0000E+00	  0.0000E+00	  0.0000E+00	  0.0000E+00	  0.0000E+00	  0.0000E+00	  0.0000E+00	  0.0000E+00	  0.0000E+00	  0.0000E+00	  0.0000E+00	  0.0000E+00	  0.0000E+00	  0.0000E+00	  0.0000E+00	  0.0000E+00	  0.0000E+00	  0.0000E+00	  0.0000E+00	  0.0000E+00	  0.0000E+00	  0.0000E+00	  0.0000E+00	  0.0000E+00	  0.0000E+00	  0.0000E+00	  0.0000E+00	  0.0000E+00	  0.0000E+00	  0.0000E+00	  0.0000E+00	  0.0000E+00	  0.0000E+00	  0.0000E+00	  0.0000E+00	  0.0000E+00	  0.0000E+00	  0.0000E+00	  0.0000E+00	  0.0000E+00	  0.0000E+00	  0.0000E+00	  0.0000E+00	  0.0000E+00	  0.0000E+00	  0.0000E+00	  0.0000E+00	  0.0000E+00	  0.0000E+00	  0.0000E+00	  0.0000E+00	  0.0000E+00	  0.0000E+00	  0.0000E+00	  0.0000E+00	  0.0000E+00	  0.0000E+00	  0.0000E+00	  0.0000E+00	  0.0000E+00	  0.0000E+00	  0.0000E+00	  0.0000E+00	  0.0000E+00	  0.0000E+00	  0.0000E+00	  0.0000E+00	  0.0000E+00	  0.0000E+00	  0.0000E+00	  0.0000E+00	  0.0000E+00	  0.0000E+00	  0.0000E+00	  0.0000E+00	  0.0000E+00	  0.0000E+00	  0.0000E+00	  0.0000E+00	  0.0000E+00
  0.0000E+00	  0.0000E+00	  0.0000E+00	  0.0000E+00	  0.0000E+00	  0.0000E+00	  0.0000E+00	  0.0000E+00	  0.0000E+00	  0.0000E+00	  0.0000E+00	  0.0000E+00	  0.0000E+00	  0.0000E+00	  0.0000E+00	  0.0000E+00	  0.0000E+00	  0.0000E+00	  0.0000E+00	  0.0000E+00	  0.0000E+00	  0.0000E+00	  0.0000E+00	  0.0000E+00	  0.0000E+00	  0.0000E+00	  0.0000E+00	  0.0000E+00	  0.0000E+00	  0.0000E+00	  0.0000E+00	  0.0000E+00	  0.0000E+00	  0.0000E+00	  0.0000E+00	  0.0000E+00	  0.0000E+00	  0.0000E+00	  0.0000E+00	  0.0000E+00	  0.0000E+00	  0.0000E+00	  0.0000E+00	  0.0000E+00	  0.0000E+00	  0.0000E+00	  0.0000E+00	  0.0000E+00	  0.0000E+00	  0.0000E+00	  0.0000E+00	  0.0000E+00	  0.0000E+00	  0.0000E+00	  0.0000E+00	  0.0000E+00	  0.0000E+00	  0.0000E+00	  0.0000E+00	  0.0000E+00	  0.0000E+00	  0.0000E+00	  0.0000E+00	  0.0000E+00	  0.0000E+00	  0.0000E+00	  0.0000E+00	  0.0000E+00	  0.0000E+00	  0.0000E+00	  0.0000E+00	  0.0000E+00	  0.0000E+00	  0.0000E+00	  0.0000E+00	  0.0000E+00	  0.0000E+00	  0.0000E+00	  0.0000E+00	  0.0000E+00
  0.0000E+00	  0.0000E+00	  0.0000E+00	  0.0000E+00	  0.0000E+00	  0.0000E+00	  0.0000E+00	  0.0000E+00	  0.0000E+00	  0.0000E+00	  0.0000E+00	  0.0000E+00	  0.0000E+00	  0.0000E+00	  0.0000E+00	  0.0000E+00	  0.0000E+00	  0.0000E+00	  0.0000E+00	  0.0000E+00	  0.0000E+00	  0.0000E+00	  0.0000E+00	  0.0000E+00	  0.0000E+00	  0.0000E+00	  0.0000E+00	  0.0000E+00	  0.0000E+00	  0.0000E+00	  0.0000E+00	  0.0000E+00	  0.0000E+00	  0.0000E+00	  0.0000E+00	  0.0000E+00	  0.0000E+00	  0.0000E+00	  0.0000E+00	  0.0000E+00	  0.0000E+00	  0.0000E+00	  0.0000E+00	  0.0000E+00	  0.0000E+00	  0.0000E+00	  0.0000E+00	  0.0000E+00	  0.0000E+00	  0.0000E+00	  0.0000E+00	  0.0000E+00	  0.0000E+00	  0.0000E+00	  0.0000E+00	  0.0000E+00	  0.0000E+00	  0.0000E+00	  0.0000E+00	  0.0000E+00	  0.0000E+00	  0.0000E+00	  0.0000E+00	  0.0000E+00	  0.0000E+00	  0.0000E+00	  0.0000E+00	  0.0000E+00	  0.0000E+00	  0.0000E+00	  0.0000E+00	  0.0000E+00	  0.0000E+00	  0.0000E+00	  0.0000E+00	  0.0000E+00	  0.0000E+00	  0.0000E+00	  0.0000E+00	  0.0000E+00
  0.0000E+00	  0.0000E+00	  0.0000E+00	  0.0000E+00	  0.0000E+00	  0.0000E+00	  0.0000E+00	  0.0000E+00	  0.0000E+00	  0.0000E+00	  0.0000E+00	  0.0000E+00	  0.0000E+00	  0.0000E+00	  0.0000E+00	  0.0000E+00	  0.0000E+00	  0.0000E+00	  0.0000E+00	  0.0000E+00	  0.0000E+00	  0.0000E+00	  0.0000E+00	  0.0000E+00	  0.0000E+00	  0.0000E+00	  0.0000E+00	  0.0000E+00	  0.0000E+00	  0.0000E+00	  0.0000E+00	  0.0000E+00	  0.0000E+00	  0.0000E+00	  0.0000E+00	  0.0000E+00	  0.0000E+00	  0.0000E+00	  0.0000E+00	  0.0000E+00	  0.0000E+00	  0.0000E+00	  0.0000E+00	  0.0000E+00	  0.0000E+00	  0.0000E+00	  0.0000E+00	  0.0000E+00	  0.0000E+00	  0.0000E+00	  0.0000E+00	  0.0000E+00	  0.0000E+00	  0.0000E+00	  0.0000E+00	  0.0000E+00	  0.0000E+00	  0.0000E+00	  0.0000E+00	  0.0000E+00	  0.0000E+00	  0.0000E+00	  0.0000E+00	  0.0000E+00	  0.0000E+00	  0.0000E+00	  0.0000E+00	  0.0000E+00	  0.0000E+00	  0.0000E+00	  0.0000E+00	  0.0000E+00	  0.0000E+00	  0.0000E+00	  0.0000E+00	  0.0000E+00	  0.0000E+00	  0.0000E+00	  0.0000E+00	  0.0000E+00
  0.0000E+00	  0.0000E+00	  0.0000E+00	  0.0000E+00	  0.0000E+00	  0.0000E+00	  0.0000E+00	  0.0000E+00	  0.0000E+00	  0.0000E+00	  0.0000E+00	  0.0000E+00	  0.0000E+00	  0.0000E+00	  0.0000E+00	  0.0000E+00	  0.0000E+00	  0.0000E+00	  0.0000E+00	  0.0000E+00	  0.0000E+00	  0.0000E+00	  0.0000E+00	  0.0000E+00	  0.0000E+00	  0.0000E+00	  0.0000E+00	  0.0000E+00	  0.0000E+00	  0.0000E+00	  0.0000E+00	  0.0000E+00	  0.0000E+00	  0.0000E+00	  0.0000E+00	  0.0000E+00	  0.0000E+00	  0.0000E+00	  0.0000E+00	  0.0000E+00	  0.0000E+00	  0.0000E+00	  0.0000E+00	  0.0000E+00	  0.0000E+00	  0.0000E+00	  0.0000E+00	  0.0000E+00	  0.0000E+00	  0.0000E+00	  0.0000E+00	  0.0000E+00	  0.0000E+00	  0.0000E+00	  0.0000E+00	  0.0000E+00	  0.0000E+00	  0.0000E+00	  0.0000E+00	  0.0000E+00	  0.0000E+00	  0.0000E+00	  0.0000E+00	  0.0000E+00	  0.0000E+00	  0.0000E+00	  0.0000E+00	  0.0000E+00	  0.0000E+00	  0.0000E+00	  0.0000E+00	  0.0000E+00	  0.0000E+00	  0.0000E+00	  0.0000E+00	  0.0000E+00	  0.0000E+00	  0.0000E+00	  0.0000E+00	  0.0000E+00
  0.0000E+00	  0.0000E+00	  0.0000E+00	  0.0000E+00	  0.0000E+00	  0.0000E+00	  0.0000E+00	  0.0000E+00	  0.0000E+00	  0.0000E+00	  0.0000E+00	  0.0000E+00	  0.0000E+00	  0.0000E+00	  0.0000E+00	  0.0000E+00	  0.0000E+00	  0.0000E+00	  0.0000E+00	  0.0000E+00	  0.0000E+00	  0.0000E+00	  0.0000E+00	  0.0000E+00	  0.0000E+00	  0.0000E+00	  0.0000E+00	  0.0000E+00	  0.0000E+00	  0.0000E+00	  0.0000E+00	  0.0000E+00	  0.0000E+00	  0.0000E+00	  0.0000E+00	  0.0000E+00	  0.0000E+00	  0.0000E+00	  0.0000E+00	  0.0000E+00	  0.0000E+00	  0.0000E+00	  0.0000E+00	  0.0000E+00	  0.0000E+00	  0.0000E+00	  0.0000E+00	  0.0000E+00	  0.0000E+00	  0.0000E+00	  0.0000E+00	  0.0000E+00	  0.0000E+00	  0.0000E+00	  0.0000E+00	  0.0000E+00	  0.0000E+00	  0.0000E+00	  0.0000E+00	  0.0000E+00	  0.0000E+00	  0.0000E+00	  0.0000E+00	  0.0000E+00	  0.0000E+00	  0.0000E+00	  0.0000E+00	  0.0000E+00	  0.0000E+00	  0.0000E+00	  0.0000E+00	  0.0000E+00	  0.0000E+00	  0.0000E+00	  0.0000E+00	  0.0000E+00	  0.0000E+00	  0.0000E+00	  0.0000E+00	  0.0000E+00
  0.0000E+00	  0.0000E+00	  0.0000E+00	  0.0000E+00	  0.0000E+00	  0.0000E+00	  0.0000E+00	  0.0000E+00	  0.0000E+00	  0.0000E+00	  0.0000E+00	  0.0000E+00	  0.0000E+00	  0.0000E+00	  0.0000E+00	  0.0000E+00	  0.0000E+00	  0.0000E+00	  0.0000E+00	  0.0000E+00	  0.0000E+00	  0.0000E+00	  0.0000E+00	  0.0000E+00	  0.0000E+00	  0.0000E+00	  0.0000E+00	  0.0000E+00	  0.0000E+00	  0.0000E+00	  0.0000E+00	  0.0000E+00	  0.0000E+00	  0.0000E+00	  0.0000E+00	  0.0000E+00	  0.0000E+00	  0.0000E+00	  0.0000E+00	  0.0000E+00	  0.0000E+00	  0.0000E+00	  0.0000E+00	  0.0000E+00	  0.0000E+00	  0.0000E+00	  0.0000E+00	  0.0000E+00	  0.0000E+00	  0.0000E+00	  0.0000E+00	  0.0000E+00	  0.0000E+00	  0.0000E+00	  0.0000E+00	  0.0000E+00	  0.0000E+00	  0.0000E+00	  0.0000E+00	  0.0000E+00	  0.0000E+00	  0.0000E+00	  0.0000E+00	  0.0000E+00	  0.0000E+00	  0.0000E+00	  0.0000E+00	  0.0000E+00	  0.0000E+00	  0.0000E+00	  0.0000E+00	  0.0000E+00	  0.0000E+00	  0.0000E+00	  0.0000E+00	  0.0000E+00	  0.0000E+00	  0.0000E+00	  0.0000E+00	  0.0000E+00
  0.0000E+00	  0.0000E+00	  0.0000E+00	  0.0000E+00	  0.0000E+00	  0.0000E+00	  0.0000E+00	  0.0000E+00	  0.0000E+00	  0.0000E+00	  0.0000E+00	  0.0000E+00	  0.0000E+00	  0.0000E+00	  0.0000E+00	  0.0000E+00	  0.0000E+00	  0.0000E+00	  0.0000E+00	  0.0000E+00	  0.0000E+00	  0.0000E+00	  0.0000E+00	  0.0000E+00	  0.0000E+00	  0.0000E+00	  0.0000E+00	  0.0000E+00	  0.0000E+00	  0.0000E+00	  0.0000E+00	  0.0000E+00	  0.0000E+00	  0.0000E+00	  0.0000E+00	  0.0000E+00	  0.0000E+00	  0.0000E+00	  0.0000E+00	  0.0000E+00	  0.0000E+00	  0.0000E+00	  0.0000E+00	  0.0000E+00	  0.0000E+00	  0.0000E+00	  0.0000E+00	  0.0000E+00	  0.0000E+00	  0.0000E+00	  0.0000E+00	  0.0000E+00	  0.0000E+00	  0.0000E+00	  0.0000E+00	  0.0000E+00	  0.0000E+00	  0.0000E+00	  0.0000E+00	  0.0000E+00	  0.0000E+00	  0.0000E+00	  0.0000E+00	  0.0000E+00	  0.0000E+00	  0.0000E+00	  0.0000E+00	  0.0000E+00	  0.0000E+00	  0.0000E+00	  0.0000E+00	  0.0000E+00	  0.0000E+00	  0.0000E+00	  0.0000E+00	  0.0000E+00	  0.0000E+00	  0.0000E+00	  0.0000E+00	  0.0000E+00
  0.0000E+00	  0.0000E+00	  0.0000E+00	  0.0000E+00	  0.0000E+00	  0.0000E+00	  0.0000E+00	  0.0000E+00	  0.0000E+00	  0.0000E+00	  0.0000E+00	  0.0000E+00	  0.0000E+00	  0.0000E+00	  0.0000E+00	  0.0000E+00	  0.0000E+00	  0.0000E+00	  0.0000E+00	  0.0000E+00	  0.0000E+00	  0.0000E+00	  0.0000E+00	  0.0000E+00	  0.0000E+00	  0.0000E+00	  0.0000E+00	  0.0000E+00	  0.0000E+00	  0.0000E+00	  0.0000E+00	  0.0000E+00	  0.0000E+00	  0.0000E+00	  0.0000E+00	  0.0000E+00	  0.0000E+00	  0.0000E+00	  0.0000E+00	  0.0000E+00	  0.0000E+00	  0.0000E+00	  0.0000E+00	  0.0000E+00	  0.0000E+00	  0.0000E+00	  0.0000E+00	  0.0000E+00	  0.0000E+00	  0.0000E+00	  0.0000E+00	  0.0000E+00	  0.0000E+00	  0.0000E+00	  0.0000E+00	  0.0000E+00	  0.0000E+00	  0.0000E+00	  0.0000E+00	  0.0000E+00	  0.0000E+00	  0.0000E+00	  0.0000E+00	  0.0000E+00	  0.0000E+00	  0.0000E+00	  0.0000E+00	  0.0000E+00	  0.0000E+00	  0.0000E+00	  0.0000E+00	  0.0000E+00	  0.0000E+00	  0.0000E+00	  0.0000E+00	  0.0000E+00	  0.0000E+00	  0.0000E+00	  0.0000E+00	  0.0000E+00
  0.0000E+00	  0.0000E+00	  0.0000E+00	  0.0000E+00	  0.0000E+00	  0.0000E+00	  0.0000E+00	  0.0000E+00	  0.0000E+00	  0.0000E+00	  0.0000E+00	  0.0000E+00	  0.0000E+00	  0.0000E+00	  0.0000E+00	  0.0000E+00	  0.0000E+00	  0.0000E+00	  0.0000E+00	  0.0000E+00	  0.0000E+00	  0.0000E+00	  0.0000E+00	  0.0000E+00	  0.0000E+00	  0.0000E+00	  0.0000E+00	  0.0000E+00	  0.0000E+00	  0.0000E+00	  0.0000E+00	  0.0000E+00	  0.0000E+00	  0.0000E+00	  0.0000E+00	  0.0000E+00	  0.0000E+00	  0.0000E+00	  0.0000E+00	  0.0000E+00	  0.0000E+00	  0.0000E+00	  0.0000E+00	  0.0000E+00	  0.0000E+00	  0.0000E+00	  0.0000E+00	  0.0000E+00	  0.0000E+00	  0.0000E+00	  0.0000E+00	  0.0000E+00	  0.0000E+00	  0.0000E+00	  0.0000E+00	  0.0000E+00	  0.0000E+00	  0.0000E+00	  0.0000E+00	  0.0000E+00	  0.0000E+00	  0.0000E+00	  0.0000E+00	  0.0000E+00	  0.0000E+00	  0.0000E+00	  0.0000E+00	  0.0000E+00	  0.0000E+00	  0.0000E+00	  0.0000E+00	  0.0000E+00	  0.0000E+00	  0.0000E+00	  0.0000E+00	  0.0000E+00	  0.0000E+00	  0.0000E+00	  0.0000E+00	  0.0000E+00
  0.0000E+00	  0.0000E+00	  0.0000E+00	  0.0000E+00	  0.0000E+00	  0.0000E+00	  0.0000E+00	  0.0000E+00	  0.0000E+00	  0.0000E+00	  0.0000E+00	  0.0000E+00	  0.0000E+00	  0.0000E+00	  0.0000E+00	  0.0000E+00	  0.0000E+00	  0.0000E+00	  0.0000E+00	  0.0000E+00	  0.0000E+00	  0.0000E+00	  0.0000E+00	  0.0000E+00	  0.0000E+00	  0.0000E+00	  0.0000E+00	  0.0000E+00	  0.0000E+00	  0.0000E+00	  0.0000E+00	  0.0000E+00	  0.0000E+00	  0.0000E+00	  0.0000E+00	  0.0000E+00	  0.0000E+00	  0.0000E+00	  0.0000E+00	  0.0000E+00	  0.0000E+00	  0.0000E+00	  0.0000E+00	  0.0000E+00	  0.0000E+00	  0.0000E+00	  0.0000E+00	  0.0000E+00	  0.0000E+00	  0.0000E+00	  0.0000E+00	  0.0000E+00	  0.0000E+00	  0.0000E+00	  0.0000E+00	  0.0000E+00	  0.0000E+00	  0.0000E+00	  0.0000E+00	  0.0000E+00	  0.0000E+00	  0.0000E+00	  0.0000E+00	  0.0000E+00	  0.0000E+00	  0.0000E+00	  0.0000E+00	  0.0000E+00	  0.0000E+00	  0.0000E+00	  0.0000E+00	  0.0000E+00	  0.0000E+00	  0.0000E+00	  0.0000E+00	  0.0000E+00	  0.0000E+00	  0.0000E+00	  0.0000E+00	  0.0000E+00
  0.0000E+00	  0.0000E+00	  0.0000E+00	  0.0000E+00	  0.0000E+00	  0.0000E+00	  0.0000E+00	  0.0000E+00	  0.0000E+00	  0.0000E+00	  0.0000E+00	  0.0000E+00	  0.0000E+00	  0.0000E+00	  0.0000E+00	  0.0000E+00	  0.0000E+00	  0.0000E+00	  0.0000E+00	  0.0000E+00	  0.0000E+00	  0.0000E+00	  0.0000E+00	  0.0000E+00	  0.0000E+00	  0.0000E+00	  0.0000E+00	  0.0000E+00	  0.0000E+00	  0.0000E+00	  0.0000E+00	  0.0000E+00	  0.0000E+00	  0.0000E+00	  0.0000E+00	  0.0000E+00	  0.0000E+00	  0.0000E+00	  0.0000E+00	  0.0000E+00	  0.0000E+00	  0.0000E+00	  0.0000E+00	  0.0000E+00	  0.0000E+00	  0.0000E+00	  0.0000E+00	  0.0000E+00	  0.0000E+00	  0.0000E+00	  0.0000E+00	  0.0000E+00	  0.0000E+00	  0.0000E+00	  0.0000E+00	  0.0000E+00	  0.0000E+00	  0.0000E+00	  0.0000E+00	  0.0000E+00	  0.0000E+00	  0.0000E+00	  0.0000E+00	  0.0000E+00	  0.0000E+00	  0.0000E+00	  0.0000E+00	  0.0000E+00	  0.0000E+00	  0.0000E+00	  0.0000E+00	  0.0000E+00	  0.0000E+00	  0.0000E+00	  0.0000E+00	  0.0000E+00	  0.0000E+00	  0.0000E+00	  0.0000E+00	  0.0000E+00
